archivo,codigo_instrumento,fila,celda,campo,valor_original,valor_corregido,tipo_cambio,regla_id,descripcion_regla,confianza,impacto
AT_instrumentos_original_v2.csv,SBL-LM-08,7,E7,Nuevo valor,Viscosimetro,Viscosímetro,homologation,HOM001,Corrección ortográfica de nombres de instrumentos,0.95,low
AT_instrumentos_original_v2.csv,Calibración/Verificación,122,E122,Nuevo valor,"-40°C, -30°C, -20°C, -10°C, 0.0°C, 8°C ± 1.0°C.
10%, 20%, 30%, 40%, 50%, 60%, 70%, 80%, 99% Tol 5.0","-40°C, -30°C, -20°C, -10°C, 0.0°C, 8°C ± 1.0°C. 10%, 20%, 30%, 40%, 50%, 60%, 70%, 80%, 99% Tol 5.0",format,FMT003,Limpieza de espacios en blanco,1.0,low
AT_instrumentos_original_v2.csv,Calibración/Verificación,123,E123,Nuevo valor,"-8.0°C, 0.0°C, 20.0°C, 40.0°C, 55.0°C, Tol ± 1.0
15%, 30%, 60%, 80% Tol 6.0%.","-8.0°C, 0.0°C, 20.0°C, 40.0°C, 55.0°C, Tol ± 1.0 15%, 30%, 60%, 80% Tol 6.0%.",format,FMT003,Limpieza de espacios en blanco,1.0,low
AT_instrumentos_original_v2.csv,Calibración/Verificación,124,E124,Nuevo valor,"-8.0°C, 0.0°C, 20.0°C, 40.0°C, 55.0°C, Tol ± 1.0
15%, 30%, 60%, 80% Tol 6.0%.","-8.0°C, 0.0°C, 20.0°C, 40.0°C, 55.0°C, Tol ± 1.0 15%, 30%, 60%, 80% Tol 6.0%.",format,FMT003,Limpieza de espacios en blanco,1.0,low
AT_instrumentos_original_v2.csv,Calibración/Verificación,279,E279,Nuevo valor,"Temperatura 10.0°C, 20.0°C, 35.0°C, 40°C, 50°C Tol±1.0°C, Humedad 35.0%, 45.0%, 65.0%,75.0%, 80.0% Tol±2.0% ","Temperatura 10.0°C, 20.0°C, 35.0°C, 40°C, 50°C Tol±1.0°C, Humedad 35.0%, 45.0%, 65.0%,75.0%, 80.0% Tol±2.0%",format,FMT003,Limpieza de espacios en blanco,1.0,low
AT_instrumentos_original_v2.csv,Calibración/Verificación,282,E282,Nuevo valor,"Temperatura 10.0°C, 20.0°C, 35.0°C, 40°C, 50°C Tol±1.0°C, Humedad 35.0%, 45.0%, 65.0%,75.0%, 80.0% Tol±2.0% ","Temperatura 10.0°C, 20.0°C, 35.0°C, 40°C, 50°C Tol±1.0°C, Humedad 35.0%, 45.0%, 65.0%,75.0%, 80.0% Tol±2.0%",format,FMT003,Limpieza de espacios en blanco,1.0,low
AT_instrumentos_original_v2.csv,Calibración/Verificación,283,E283,Nuevo valor,"Temperatura 10.0°C, 20.0°C, 35.0°C, 40°C, 50°C Tol±1.0°C, Humedad 35.0%, 45.0%, 65.0%,75.0%, 80.0% Tol±2.0% ","Temperatura 10.0°C, 20.0°C, 35.0°C, 40°C, 50°C Tol±1.0°C, Humedad 35.0%, 45.0%, 65.0%,75.0%, 80.0% Tol±2.0%",format,FMT003,Limpieza de espacios en blanco,1.0,low
AT_instrumentos_original_v2.csv,Calibración/Verificación,285,E285,Nuevo valor,"Temperatura 10.0°C, 20.0°C, 35.0°C, 40°C, 50°C Tol±1.0°C, Humedad 35.0%, 45.0%, 65.0%,75.0%, 80.0% Tol±2.0% ","Temperatura 10.0°C, 20.0°C, 35.0°C, 40°C, 50°C Tol±1.0°C, Humedad 35.0%, 45.0%, 65.0%,75.0%, 80.0% Tol±2.0%",format,FMT003,Limpieza de espacios en blanco,1.0,low
AT_instrumentos_original_v2.csv,Calibración/Verificación,287,E287,Nuevo valor,"Temperatura 10.0°C, 20.0°C, 35.0°C, 40°C, 50°C Tol±1.0°C, Humedad 35.0%, 45.0%, 65.0%,75.0%, 80.0% Tol±2.0% ","Temperatura 10.0°C, 20.0°C, 35.0°C, 40°C, 50°C Tol±1.0°C, Humedad 35.0%, 45.0%, 65.0%,75.0%, 80.0% Tol±2.0%",format,FMT003,Limpieza de espacios en blanco,1.0,low
AT_instrumentos_original_v2.csv,Calibración/Verificación,289,E289,Nuevo valor,"Temperatura 10.0°C, 20.0°C, 35.0°C, 40°C, 50°C Tol±1.0°C, Humedad 35.0%, 45.0%, 65.0%,75.0%, 80.0% Tol±2.0% ","Temperatura 10.0°C, 20.0°C, 35.0°C, 40°C, 50°C Tol±1.0°C, Humedad 35.0%, 45.0%, 65.0%,75.0%, 80.0% Tol±2.0%",format,FMT003,Limpieza de espacios en blanco,1.0,low
AT_instrumentos_original_v2.csv,Calibración/Verificación,290,E290,Nuevo valor,"Temperatura 10.0°C, 20.0°C, 35.0°C, 40°C, 50°C Tol±1.0°C, Humedad 35.0%, 45.0%, 65.0%,75.0%, 80.0% Tol±2.0% ","Temperatura 10.0°C, 20.0°C, 35.0°C, 40°C, 50°C Tol±1.0°C, Humedad 35.0%, 45.0%, 65.0%,75.0%, 80.0% Tol±2.0%",format,FMT003,Limpieza de espacios en blanco,1.0,low
AT_instrumentos_original_v2.csv,Calibración/Verificación,292,E292,Nuevo valor,"Temperatura 10.0°C, 20.0°C, 35.0°C, 40°C, 50°C Tol±1.0°C, Humedad 35.0%, 45.0%, 65.0%,75.0%, 80.0% Tol±2.0% ","Temperatura 10.0°C, 20.0°C, 35.0°C, 40°C, 50°C Tol±1.0°C, Humedad 35.0%, 45.0%, 65.0%,75.0%, 80.0% Tol±2.0%",format,FMT003,Limpieza de espacios en blanco,1.0,low
AT_instrumentos_original_v2.csv,Calibración/Verificación,294,E294,Nuevo valor,"Temperatura 10.0°C, 20.0°C, 35.0°C, 40°C, 50°C Tol±1.0°C, Humedad 35.0%, 45.0%, 65.0%,75.0%, 80.0% Tol±2.0% ","Temperatura 10.0°C, 20.0°C, 35.0°C, 40°C, 50°C Tol±1.0°C, Humedad 35.0%, 45.0%, 65.0%,75.0%, 80.0% Tol±2.0%",format,FMT003,Limpieza de espacios en blanco,1.0,low
AT_instrumentos_original_v2.csv,Calibración/Verificación,296,E296,Nuevo valor,"Temperatura 10.0°C, 20.0°C, 35.0°C, 40°C, 50°C Tol±1.0°C, Humedad 35.0%, 45.0%, 65.0%,75.0%, 80.0% Tol±2.0% ","Temperatura 10.0°C, 20.0°C, 35.0°C, 40°C, 50°C Tol±1.0°C, Humedad 35.0%, 45.0%, 65.0%,75.0%, 80.0% Tol±2.0%",format,FMT003,Limpieza de espacios en blanco,1.0,low
AT_instrumentos_original_v2.csv,Calibración/Verificación,299,D299,Valor anterior,"-8.0°C, 0.0°C, 20.0°C, 40.0°C, 55.0°C, Tol ± 1.0
15%, 30%, 60%, 80% Tol 6.0%.","-8.0°C, 0.0°C, 20.0°C, 40.0°C, 55.0°C, Tol ± 1.0 15%, 30%, 60%, 80% Tol 6.0%.",format,FMT003,Limpieza de espacios en blanco,1.0,low
AT_instrumentos_original_v2.csv,Calibración/Verificación,299,E299,Nuevo valor,"-8.0°C, 0.0°C, 20.0°C, 40.0°C, 55.0°C, Tol ± 1.0
15%, 30%, 60%, 80% Tol 6.0%.","-8.0°C, 0.0°C, 20.0°C, 40.0°C, 55.0°C, Tol ± 1.0 15%, 30%, 60%, 80% Tol 6.0%.",format,FMT003,Limpieza de espacios en blanco,1.0,low
AT_instrumentos_original_v2.csv,SBL-LM-08,307,E307,Nuevo valor,Ohaus,OHAUS,homologation,HOM002,Estandarización de nombres de marcas,0.9,medium
AT_instrumentos_original_v2.csv,SBL-LM-08,315,D315,Valor anterior,Ohaus,OHAUS,homologation,HOM002,Estandarización de nombres de marcas,0.9,medium
AT_instrumentos_original_v2.csv,Calibración/Verificación,329,D329,Valor anterior,"0.0 MΩ/cm (Tol±0.1-0.2), 00.9 MΩ/cm (Tol±0.9-1.1), 10.0 MΩ/cm (Tol±9.8-10.2), 18.0 MΩ/cm (Tol±17.8-18.2), Temperatura del agua 1.0°C (Tol.±0.9-1.1), 35°C (Tol±34.8-35.2), Temperatura del agua 1.0°C (Tol.±0.9-1.1), 35°C (Tol±34.8-35.2). ","0.0 MΩ/cm (Tol±0.1-0.2), 00.9 MΩ/cm (Tol±0.9-1.1), 10.0 MΩ/cm (Tol±9.8-10.2), 18.0 MΩ/cm (Tol±17.8-18.2), Temperatura del agua 1.0°C (Tol.±0.9-1.1), 35°C (Tol±34.8-35.2), Temperatura del agua 1.0°C (Tol.±0.9-1.1), 35°C (Tol±34.8-35.2).",format,FMT003,Limpieza de espacios en blanco,1.0,low
AT_instrumentos_original_v2.csv,Calibración/Verificación,538,E538,Nuevo valor,"0.5g, 1.0g, 5.0g, 10.0g, 15g, 50.0g, 100.0g, 200.0g Tolerancia: ± 0.1g
","0.5g, 1.0g, 5.0g, 10.0g, 15g, 50.0g, 100.0g, 200.0g Tolerancia: ± 0.1g",format,FMT003,Limpieza de espacios en blanco,1.0,low
AT_instrumentos_original_v2.csv,Calibración/Verificación,539,D539,Valor anterior,"0.5g, 1.0g, 5.0g, 10.0g, 15g, 50.0g, 100.0g, 200.0g Tolerancia: ± 0.1g
","0.5g, 1.0g, 5.0g, 10.0g, 15g, 50.0g, 100.0g, 200.0g Tolerancia: ± 0.1g",format,FMT003,Limpieza de espacios en blanco,1.0,low
AT_instrumentos_original_v2.csv,Calibración/Verificación,576,D576,Valor anterior,Fabricación ,Fabricación,format,FMT003,Limpieza de espacios en blanco,1.0,low
AT_instrumentos_original_v2.csv,SBL-LM-08,578,D578,Valor anterior,Fabricación ,Fabricación,format,FMT003,Limpieza de espacios en blanco,1.0,low
AT_instrumentos_original_v2.csv,SBL-LM-08,832,D832,Valor anterior,Extech Instrument,Extech Instruments,homologation,HOM002,Estandarización de nombres de marcas,0.9,medium
AT_instrumentos_original_v2.csv,SBL-LM-08,836,E836,Nuevo valor,Desarrollo Farmaceutico,Desarrollo Farmacéutico,homologation,HOM003,Estandarización de nombres de departamentos,0.85,medium
AT_instrumentos_original_v2.csv,SBL-LM-08,940,E940,Nuevo valor,Bascula digital,Báscula digital,homologation,HOM001,Corrección ortográfica de nombres de instrumentos,0.95,low
AT_instrumentos_original_v2.csv,Calibración/Verificación,1016,E1016,Nuevo valor,"0.0°C, 20.0°C, 40.0°C, 55°C Tol ± 1.0°C
15%, 30%, 60%, 80% HR ±Tol 6%","0.0°C, 20.0°C, 40.0°C, 55°C Tol ± 1.0°C 15%, 30%, 60%, 80% HR ±Tol 6%",format,FMT003,Limpieza de espacios en blanco,1.0,low
AT_instrumentos_original_v2.csv,Calibración/Verificación,1022,E1022,Nuevo valor,"0.0°C, 20.0°C, 40.0°C, 55.0°C Tol ± 1.0°C
15%, 30%, 60%, 60% Tol ± 6%","0.0°C, 20.0°C, 40.0°C, 55.0°C Tol ± 1.0°C 15%, 30%, 60%, 60% Tol ± 6%",format,FMT003,Limpieza de espacios en blanco,1.0,low
AT_instrumentos_original_v2.csv,Calibración/Verificación,1028,E1028,Nuevo valor,"Temperatura In, 0.0°C, 20.0°C, 40.0°C, 50.0°C Tol ± 1.0°C.
Temperatura Out -35.0°C, -25.0°C, -15.0°C, -10.0°C, -0.0°C Tol ± 1.0°C
Humedad In 15%, 30%, 60%, 80% Tol ± 6%","Temperatura In, 0.0°C, 20.0°C, 40.0°C, 50.0°C Tol ± 1.0°C. Temperatura Out -35.0°C, -25.0°C, -15.0°C, -10.0°C, -0.0°C Tol ± 1.0°C Humedad In 15%, 30%, 60%, 80% Tol ± 6%",format,FMT003,Limpieza de espacios en blanco,1.0,low
AT_instrumentos_original_v2.csv,Calibración/Verificación,1188,E1188,Nuevo valor,"Temperatura 0.0°C, 10.0°C, 20.0°C, 35.0°C, 40°C, 50°C Tol±1.0°C, 35.0%, 45.0%, 65.0%,75.0%, 80.0% Tol±2.0% ","Temperatura 0.0°C, 10.0°C, 20.0°C, 35.0°C, 40°C, 50°C Tol±1.0°C, 35.0%, 45.0%, 65.0%,75.0%, 80.0% Tol±2.0%",format,FMT003,Limpieza de espacios en blanco,1.0,low
AT_instrumentos_original_v2.csv,Calibración/Verificación,1190,E1190,Nuevo valor,"Temperatura 0.0°C, 10.0°C, 20.0°C, 35.0°C, 40°C, 50°C Tol±1.0°C, 35.0%, 45.0%, 65.0%,75.0%, 80.0% Tol±2.0% ","Temperatura 0.0°C, 10.0°C, 20.0°C, 35.0°C, 40°C, 50°C Tol±1.0°C, 35.0%, 45.0%, 65.0%,75.0%, 80.0% Tol±2.0%",format,FMT003,Limpieza de espacios en blanco,1.0,low
AT_instrumentos_original_v2.csv,Calibración/Verificación,1196,E1196,Nuevo valor,"Temperatura 0.0°C, 10.0°C, 20.0°C, 35.0°C, 40°C, 50°C Tol±1.0°C, 35.0%, 45.0%, 65.0%,75.0%, 80.0% Tol±2.0% ","Temperatura 0.0°C, 10.0°C, 20.0°C, 35.0°C, 40°C, 50°C Tol±1.0°C, 35.0%, 45.0%, 65.0%,75.0%, 80.0% Tol±2.0%",format,FMT003,Limpieza de espacios en blanco,1.0,low
AT_instrumentos_original_v2.csv,Calibración/Verificación,1202,E1202,Nuevo valor,"Temperatura 0.0°C, 10.0°C, 20.0°C, 35.0°C, 40°C, 50°C Tol±1.0°C, 35.0%, 45.0%, 65.0%,75.0%, 80.0% Tol±2.0% ","Temperatura 0.0°C, 10.0°C, 20.0°C, 35.0°C, 40°C, 50°C Tol±1.0°C, 35.0%, 45.0%, 65.0%,75.0%, 80.0% Tol±2.0%",format,FMT003,Limpieza de espacios en blanco,1.0,low
AT_instrumentos_original_v2.csv,Calibración/Verificación,1208,E1208,Nuevo valor,"Temperatura 0.0°C, 10.0°C, 20.0°C, 35.0°C, 40°C, 50°C Tol±1.0°C, 35.0%, 45.0%, 65.0%,75.0%, 80.0% Tol±2.0% ","Temperatura 0.0°C, 10.0°C, 20.0°C, 35.0°C, 40°C, 50°C Tol±1.0°C, 35.0%, 45.0%, 65.0%,75.0%, 80.0% Tol±2.0%",format,FMT003,Limpieza de espacios en blanco,1.0,low
AT_instrumentos_original_v2.csv,Calibración/Verificación,1214,E1214,Nuevo valor,"Temperatura 0.0°C, 10.0°C, 20.0°C, 35.0°C, 40°C, 50°C Tol±1.0°C, 35.0%, 45.0%, 65.0%,75.0%, 80.0% Tol±2.0% ","Temperatura 0.0°C, 10.0°C, 20.0°C, 35.0°C, 40°C, 50°C Tol±1.0°C, 35.0%, 45.0%, 65.0%,75.0%, 80.0% Tol±2.0%",format,FMT003,Limpieza de espacios en blanco,1.0,low
AT_instrumentos_original_v2.csv,Calibración/Verificación,1224,E1224,Nuevo valor,"Temperatura 0.0°C, 10.0°C, 20.0°C, 35.0°C, 40°C, 50°C Tol±1.0°C, 35.0%, 45.0%, 65.0%,75.0%, 80.0% Tol±2.0% ","Temperatura 0.0°C, 10.0°C, 20.0°C, 35.0°C, 40°C, 50°C Tol±1.0°C, 35.0%, 45.0%, 65.0%,75.0%, 80.0% Tol±2.0%",format,FMT003,Limpieza de espacios en blanco,1.0,low
AT_instrumentos_original_v2.csv,Calibración/Verificación,1230,E1230,Nuevo valor,"Temperatura 0.0°C, 10.0°C, 20.0°C, 35.0°C, 40°C, 50°C Tol±1.0°C, 35.0%, 45.0%, 65.0%,75.0%, 80.0% Tol±2.0% ","Temperatura 0.0°C, 10.0°C, 20.0°C, 35.0°C, 40°C, 50°C Tol±1.0°C, 35.0%, 45.0%, 65.0%,75.0%, 80.0% Tol±2.0%",format,FMT003,Limpieza de espacios en blanco,1.0,low
AT_instrumentos_original_v2.csv,Calibración/Verificación,1236,E1236,Nuevo valor,"Temperatura 0.0°C, 10.0°C, 20.0°C, 35.0°C, 40°C, 50°C Tol±1.0°C, 35.0%, 45.0%, 65.0%,75.0%, 80.0% Tol±2.0% ","Temperatura 0.0°C, 10.0°C, 20.0°C, 35.0°C, 40°C, 50°C Tol±1.0°C, 35.0%, 45.0%, 65.0%,75.0%, 80.0% Tol±2.0%",format,FMT003,Limpieza de espacios en blanco,1.0,low
AT_instrumentos_original_v2.csv,Calibración/Verificación,1242,E1242,Nuevo valor,"Temperatura 0.0°C, 10.0°C, 20.0°C, 35.0°C, 40°C, 50°C Tol±1.0°C, 35.0%, 45.0%, 65.0%,75.0%, 80.0% Tol±2.0% ","Temperatura 0.0°C, 10.0°C, 20.0°C, 35.0°C, 40°C, 50°C Tol±1.0°C, 35.0%, 45.0%, 65.0%,75.0%, 80.0% Tol±2.0%",format,FMT003,Limpieza de espacios en blanco,1.0,low
AT_instrumentos_original_v2.csv,Calibración/Verificación,1253,E1253,Nuevo valor,"Temperatura 0.0°C, 10.0°C, 20.0°C, 35.0°C, 40°C, 50°C Tol±1.0°C, 35.0%, 45.0%, 65.0%,75.0%, 80.0% Tol±2.0% ","Temperatura 0.0°C, 10.0°C, 20.0°C, 35.0°C, 40°C, 50°C Tol±1.0°C, 35.0%, 45.0%, 65.0%,75.0%, 80.0% Tol±2.0%",format,FMT003,Limpieza de espacios en blanco,1.0,low
AT_instrumentos_original_v2.csv,Calibración/Verificación,1259,E1259,Nuevo valor,"Temperatura 0.0°C, 10.0°C, 20.0°C, 35.0°C, 40°C, 50°C Tol±1.0°C, 35.0%, 45.0%, 65.0%,75.0%, 80.0% Tol±2.0% ","Temperatura 0.0°C, 10.0°C, 20.0°C, 35.0°C, 40°C, 50°C Tol±1.0°C, 35.0%, 45.0%, 65.0%,75.0%, 80.0% Tol±2.0%",format,FMT003,Limpieza de espacios en blanco,1.0,low
AT_instrumentos_original_v2.csv,Calibración/Verificación,1269,E1269,Nuevo valor,"Temperatura 0.0°C, 10.0°C, 20.0°C, 35.0°C, 40°C, 50°C Tol±1.0°C, 35.0%, 45.0%, 65.0%,75.0%, 80.0% Tol±2.0% ","Temperatura 0.0°C, 10.0°C, 20.0°C, 35.0°C, 40°C, 50°C Tol±1.0°C, 35.0%, 45.0%, 65.0%,75.0%, 80.0% Tol±2.0%",format,FMT003,Limpieza de espacios en blanco,1.0,low
AT_instrumentos_original_v2.csv,Calibración/Verificación,1271,E1271,Nuevo valor,"Temperatura 0.0°C, 10.0°C, 20.0°C, 35.0°C, 40°C, 50°C Tol±1.0°C, 35.0%, 45.0%, 65.0%,75.0%, 80.0% Tol±2.0% ","Temperatura 0.0°C, 10.0°C, 20.0°C, 35.0°C, 40°C, 50°C Tol±1.0°C, 35.0%, 45.0%, 65.0%,75.0%, 80.0% Tol±2.0%",format,FMT003,Limpieza de espacios en blanco,1.0,low
AT_instrumentos_original_v2.csv,Calibración/Verificación,1277,E1277,Nuevo valor,"Temperatura 0.0°C, 10.0°C, 20.0°C, 35.0°C, 40°C, 50°C Tol±1.0°C, 35.0%, 45.0%, 65.0%,75.0%, 80.0% Tol±2.0% ","Temperatura 0.0°C, 10.0°C, 20.0°C, 35.0°C, 40°C, 50°C Tol±1.0°C, 35.0%, 45.0%, 65.0%,75.0%, 80.0% Tol±2.0%",format,FMT003,Limpieza de espacios en blanco,1.0,low
AT_instrumentos_original_v2.csv,SBL-LM-08,1392,D1392,Valor anterior,"Análisis fisicoquímicos,
POT-LC-03","Análisis fisicoquímicos, POT-LC-03",format,FMT003,Limpieza de espacios en blanco,1.0,low
AT_instrumentos_original_v2.csv,Calibración/Verificación,1399,E1399,Nuevo valor,Análisis Fisicoquímicos ,Análisis Fisicoquímicos,format,FMT003,Limpieza de espacios en blanco,1.0,low
AT_instrumentos_original_v2.csv,Calibración/Verificación,1400,D1400,Valor anterior,Análisis Fisicoquímicos ,Análisis Fisicoquímicos,format,FMT003,Limpieza de espacios en blanco,1.0,low
AT_instrumentos_original_v2.csv,SBL-LM-08,1467,E1467,Nuevo valor,Termostato programable ,Termostato programable,format,FMT003,Limpieza de espacios en blanco,1.0,low
AT_instrumentos_original_v2.csv,SBL-LM-08,1489,E1489,Nuevo valor,Termostato programable ,Termostato programable,format,FMT003,Limpieza de espacios en blanco,1.0,low
AT_instrumentos_original_v2.csv,SBL-LM-08,1586,D1586,Valor anterior,Fabricación ,Fabricación,format,FMT003,Limpieza de espacios en blanco,1.0,low
AT_instrumentos_original_v2.csv,SBL-LM-08,1597,D1597,Valor anterior,"Análisis fisicoquímicos,
POT-LC-03","Análisis fisicoquímicos, POT-LC-03",format,FMT003,Limpieza de espacios en blanco,1.0,low
AT_instrumentos_original_v2.csv,Calibración/Verificación,1611,D1611,Valor anterior,"-0.250 inH2O, -0.150 inH2O, -0.050 inH2O, 0.000 inH2O, 0.050 inH2O, 0.150 inH2O, 0.250 inH2O  Tol: ± 0.10","-0.250 inH2O, -0.150 inH2O, -0.050 inH2O, 0.000 inH2O, 0.050 inH2O, 0.150 inH2O, 0.250 inH2O Tol: ± 0.10",format,FMT003,Limpieza de espacios en blanco,1.0,low
AT_instrumentos_original_v2.csv,Calibración/Verificación,1736,D1736,Valor anterior,"0.00 MPa, -0.02 MPa, -0.04 MPa, -0.06 MPa, -0.08 MPa, -0.10 MPa ","0.00 MPa, -0.02 MPa, -0.04 MPa, -0.06 MPa, -0.08 MPa, -0.10 MPa",format,FMT003,Limpieza de espacios en blanco,1.0,low
AT_instrumentos_original_v2.csv,Calibración/Verificación,1742,D1742,Valor anterior,"-0.250 inH2O, -0.150 inH2O, -0.050 inH2O, 0.000 inH2O, 0.050 inH2O, 0.150 inH2O, 0.250 inH2O  Tol: ± 0.10","-0.250 inH2O, -0.150 inH2O, -0.050 inH2O, 0.000 inH2O, 0.050 inH2O, 0.150 inH2O, 0.250 inH2O Tol: ± 0.10",format,FMT003,Limpieza de espacios en blanco,1.0,low
AT_instrumentos_original_v2.csv,Calibración/Verificación,1742,E1742,Nuevo valor,"-0.250 inH2O, -0.150 inH2O, -0.050 inH2O, 0.000 inH2O, 0.050 inH2O, 0.150 inH2O, 0.250 inH2O  Tol: ± 0.01","-0.250 inH2O, -0.150 inH2O, -0.050 inH2O, 0.000 inH2O, 0.050 inH2O, 0.150 inH2O, 0.250 inH2O Tol: ± 0.01",format,FMT003,Limpieza de espacios en blanco,1.0,low
AT_instrumentos_original_v2.csv,Calibración/Verificación,1743,D1743,Valor anterior,"-0.250 inH2O, -0.150 inH2O, -0.050 inH2O, 0.000 inH2O, 0.050 inH2O, 0.150 inH2O, 0.250 inH2O  Tol: ± 0.10","-0.250 inH2O, -0.150 inH2O, -0.050 inH2O, 0.000 inH2O, 0.050 inH2O, 0.150 inH2O, 0.250 inH2O Tol: ± 0.10",format,FMT003,Limpieza de espacios en blanco,1.0,low
AT_instrumentos_original_v2.csv,Calibración/Verificación,1743,E1743,Nuevo valor,"-0.250 inH2O, -0.150 inH2O, -0.050 inH2O, 0.000 inH2O, 0.050 inH2O, 0.150 inH2O, 0.250 inH2O  Tol: ± 0.01","-0.250 inH2O, -0.150 inH2O, -0.050 inH2O, 0.000 inH2O, 0.050 inH2O, 0.150 inH2O, 0.250 inH2O Tol: ± 0.01",format,FMT003,Limpieza de espacios en blanco,1.0,low
AT_instrumentos_original_v2.csv,Calibración/Verificación,1744,D1744,Valor anterior,"-0.250 inH2O, -0.150 inH2O, -0.050 inH2O, 0.000 inH2O, 0.050 inH2O, 0.150 inH2O, 0.250 inH2O  Tol: ± 0.10","-0.250 inH2O, -0.150 inH2O, -0.050 inH2O, 0.000 inH2O, 0.050 inH2O, 0.150 inH2O, 0.250 inH2O Tol: ± 0.10",format,FMT003,Limpieza de espacios en blanco,1.0,low
AT_instrumentos_original_v2.csv,Calibración/Verificación,1744,E1744,Nuevo valor,"-0.250 inH2O, -0.150 inH2O, -0.050 inH2O, 0.000 inH2O, 0.050 inH2O, 0.150 inH2O, 0.250 inH2O  Tol: ± 0.01","-0.250 inH2O, -0.150 inH2O, -0.050 inH2O, 0.000 inH2O, 0.050 inH2O, 0.150 inH2O, 0.250 inH2O Tol: ± 0.01",format,FMT003,Limpieza de espacios en blanco,1.0,low
AT_instrumentos_original_v2.csv,Calibración/Verificación,1745,D1745,Valor anterior,"-0.250 inH2O, -0.150 inH2O, -0.050 inH2O, 0.000 inH2O, 0.050 inH2O, 0.150 inH2O, 0.250 inH2O  Tol: ± 0.10","-0.250 inH2O, -0.150 inH2O, -0.050 inH2O, 0.000 inH2O, 0.050 inH2O, 0.150 inH2O, 0.250 inH2O Tol: ± 0.10",format,FMT003,Limpieza de espacios en blanco,1.0,low
AT_instrumentos_original_v2.csv,Calibración/Verificación,1745,E1745,Nuevo valor,"-0.250 inH2O, -0.150 inH2O, -0.050 inH2O, 0.000 inH2O, 0.050 inH2O, 0.150 inH2O, 0.250 inH2O  Tol: ± 0.01","-0.250 inH2O, -0.150 inH2O, -0.050 inH2O, 0.000 inH2O, 0.050 inH2O, 0.150 inH2O, 0.250 inH2O Tol: ± 0.01",format,FMT003,Limpieza de espacios en blanco,1.0,low
AT_instrumentos_original_v2.csv,Calibración/Verificación,1746,D1746,Valor anterior,"-0.250 inH2O, -0.150 inH2O, -0.050 inH2O, 0.000 inH2O, 0.050 inH2O, 0.150 inH2O, 0.250 inH2O  Tol: ± 0.10","-0.250 inH2O, -0.150 inH2O, -0.050 inH2O, 0.000 inH2O, 0.050 inH2O, 0.150 inH2O, 0.250 inH2O Tol: ± 0.10",format,FMT003,Limpieza de espacios en blanco,1.0,low
AT_instrumentos_original_v2.csv,Calibración/Verificación,1746,E1746,Nuevo valor,"-0.250 inH2O, -0.150 inH2O, -0.050 inH2O, 0.000 inH2O, 0.050 inH2O, 0.150 inH2O, 0.250 inH2O  Tol: ± 0.01","-0.250 inH2O, -0.150 inH2O, -0.050 inH2O, 0.000 inH2O, 0.050 inH2O, 0.150 inH2O, 0.250 inH2O Tol: ± 0.01",format,FMT003,Limpieza de espacios en blanco,1.0,low
AT_instrumentos_original_v2.csv,Calibración/Verificación,1747,D1747,Valor anterior,"-0.250 inH2O, -0.150 inH2O, -0.050 inH2O, 0.000 inH2O, 0.050 inH2O, 0.150 inH2O, 0.250 inH2O  Tol: ± 0.10","-0.250 inH2O, -0.150 inH2O, -0.050 inH2O, 0.000 inH2O, 0.050 inH2O, 0.150 inH2O, 0.250 inH2O Tol: ± 0.10",format,FMT003,Limpieza de espacios en blanco,1.0,low
AT_instrumentos_original_v2.csv,Calibración/Verificación,1747,E1747,Nuevo valor,"-0.250 inH2O, -0.150 inH2O, -0.050 inH2O, 0.000 inH2O, 0.050 inH2O, 0.150 inH2O, 0.250 inH2O  Tol: ± 0.01","-0.250 inH2O, -0.150 inH2O, -0.050 inH2O, 0.000 inH2O, 0.050 inH2O, 0.150 inH2O, 0.250 inH2O Tol: ± 0.01",format,FMT003,Limpieza de espacios en blanco,1.0,low
AT_instrumentos_original_v2.csv,Calibración/Verificación,1748,D1748,Valor anterior,"-0.250 inH2O, -0.150 inH2O, -0.050 inH2O, 0.000 inH2O, 0.050 inH2O, 0.150 inH2O, 0.250 inH2O  Tol: ± 0.10","-0.250 inH2O, -0.150 inH2O, -0.050 inH2O, 0.000 inH2O, 0.050 inH2O, 0.150 inH2O, 0.250 inH2O Tol: ± 0.10",format,FMT003,Limpieza de espacios en blanco,1.0,low
AT_instrumentos_original_v2.csv,Calibración/Verificación,1748,E1748,Nuevo valor,"-0.250 inH2O, -0.150 inH2O, -0.050 inH2O, 0.000 inH2O, 0.050 inH2O, 0.150 inH2O, 0.250 inH2O  Tol: ± 0.01","-0.250 inH2O, -0.150 inH2O, -0.050 inH2O, 0.000 inH2O, 0.050 inH2O, 0.150 inH2O, 0.250 inH2O Tol: ± 0.01",format,FMT003,Limpieza de espacios en blanco,1.0,low
AT_instrumentos_original_v2.csv,Calibración/Verificación,1749,D1749,Valor anterior,"-0.250 inH2O, -0.150 inH2O, -0.050 inH2O, 0.000 inH2O, 0.050 inH2O, 0.150 inH2O, 0.250 inH2O  Tol: ± 0.10","-0.250 inH2O, -0.150 inH2O, -0.050 inH2O, 0.000 inH2O, 0.050 inH2O, 0.150 inH2O, 0.250 inH2O Tol: ± 0.10",format,FMT003,Limpieza de espacios en blanco,1.0,low
AT_instrumentos_original_v2.csv,Calibración/Verificación,1749,E1749,Nuevo valor,"-0.250 inH2O, -0.150 inH2O, -0.050 inH2O, 0.000 inH2O, 0.050 inH2O, 0.150 inH2O, 0.250 inH2O  Tol: ± 0.01","-0.250 inH2O, -0.150 inH2O, -0.050 inH2O, 0.000 inH2O, 0.050 inH2O, 0.150 inH2O, 0.250 inH2O Tol: ± 0.01",format,FMT003,Limpieza de espacios en blanco,1.0,low
AT_instrumentos_original_v2.csv,Calibración/Verificación,1750,D1750,Valor anterior,"-0.250 inH2O, -0.150 inH2O, -0.050 inH2O, 0.000 inH2O, 0.050 inH2O, 0.150 inH2O, 0.250 inH2O  Tol: ± 0.10","-0.250 inH2O, -0.150 inH2O, -0.050 inH2O, 0.000 inH2O, 0.050 inH2O, 0.150 inH2O, 0.250 inH2O Tol: ± 0.10",format,FMT003,Limpieza de espacios en blanco,1.0,low
AT_instrumentos_original_v2.csv,Calibración/Verificación,1750,E1750,Nuevo valor,"-0.250 inH2O, -0.150 inH2O, -0.050 inH2O, 0.000 inH2O, 0.050 inH2O, 0.150 inH2O, 0.250 inH2O  Tol: ± 0.01","-0.250 inH2O, -0.150 inH2O, -0.050 inH2O, 0.000 inH2O, 0.050 inH2O, 0.150 inH2O, 0.250 inH2O Tol: ± 0.01",format,FMT003,Limpieza de espacios en blanco,1.0,low
AT_instrumentos_original_v2.csv,Calibración/Verificación,1751,D1751,Valor anterior,"-0.250 inH2O, -0.150 inH2O, -0.050 inH2O, 0.000 inH2O, 0.050 inH2O, 0.150 inH2O, 0.250 inH2O  Tol: ± 0.10","-0.250 inH2O, -0.150 inH2O, -0.050 inH2O, 0.000 inH2O, 0.050 inH2O, 0.150 inH2O, 0.250 inH2O Tol: ± 0.10",format,FMT003,Limpieza de espacios en blanco,1.0,low
AT_instrumentos_original_v2.csv,Calibración/Verificación,1751,E1751,Nuevo valor,"-0.250 inH2O, -0.150 inH2O, -0.050 inH2O, 0.000 inH2O, 0.050 inH2O, 0.150 inH2O, 0.250 inH2O  Tol: ± 0.01","-0.250 inH2O, -0.150 inH2O, -0.050 inH2O, 0.000 inH2O, 0.050 inH2O, 0.150 inH2O, 0.250 inH2O Tol: ± 0.01",format,FMT003,Limpieza de espacios en blanco,1.0,low
AT_instrumentos_original_v2.csv,Calibración/Verificación,1752,D1752,Valor anterior,"-0.250 inH2O, -0.150 inH2O, -0.050 inH2O, 0.000 inH2O, 0.050 inH2O, 0.150 inH2O, 0.250 inH2O  Tol: ± 0.10","-0.250 inH2O, -0.150 inH2O, -0.050 inH2O, 0.000 inH2O, 0.050 inH2O, 0.150 inH2O, 0.250 inH2O Tol: ± 0.10",format,FMT003,Limpieza de espacios en blanco,1.0,low
AT_instrumentos_original_v2.csv,Calibración/Verificación,1752,E1752,Nuevo valor,"-0.250 inH2O, -0.150 inH2O, -0.050 inH2O, 0.000 inH2O, 0.050 inH2O, 0.150 inH2O, 0.250 inH2O  Tol: ± 0.01","-0.250 inH2O, -0.150 inH2O, -0.050 inH2O, 0.000 inH2O, 0.050 inH2O, 0.150 inH2O, 0.250 inH2O Tol: ± 0.01",format,FMT003,Limpieza de espacios en blanco,1.0,low
AT_instrumentos_original_v2.csv,Calibración/Verificación,1753,D1753,Valor anterior,"-0.250 inH2O, -0.150 inH2O, -0.050 inH2O, 0.000 inH2O, 0.050 inH2O, 0.150 inH2O, 0.250 inH2O  Tol: ± 0.10","-0.250 inH2O, -0.150 inH2O, -0.050 inH2O, 0.000 inH2O, 0.050 inH2O, 0.150 inH2O, 0.250 inH2O Tol: ± 0.10",format,FMT003,Limpieza de espacios en blanco,1.0,low
AT_instrumentos_original_v2.csv,Calibración/Verificación,1753,E1753,Nuevo valor,"-0.250 inH2O, -0.150 inH2O, -0.050 inH2O, 0.000 inH2O, 0.050 inH2O, 0.150 inH2O, 0.250 inH2O  Tol: ± 0.01","-0.250 inH2O, -0.150 inH2O, -0.050 inH2O, 0.000 inH2O, 0.050 inH2O, 0.150 inH2O, 0.250 inH2O Tol: ± 0.01",format,FMT003,Limpieza de espacios en blanco,1.0,low
AT_instrumentos_original_v2.csv,Calibración/Verificación,1754,D1754,Valor anterior,"-0.250 inH2O, -0.150 inH2O, -0.050 inH2O, 0.000 inH2O, 0.050 inH2O, 0.150 inH2O, 0.250 inH2O  Tol: ± 0.10","-0.250 inH2O, -0.150 inH2O, -0.050 inH2O, 0.000 inH2O, 0.050 inH2O, 0.150 inH2O, 0.250 inH2O Tol: ± 0.10",format,FMT003,Limpieza de espacios en blanco,1.0,low
AT_instrumentos_original_v2.csv,Calibración/Verificación,1754,E1754,Nuevo valor,"-0.250 inH2O, -0.150 inH2O, -0.050 inH2O, 0.000 inH2O, 0.050 inH2O, 0.150 inH2O, 0.250 inH2O  Tol: ± 0.01","-0.250 inH2O, -0.150 inH2O, -0.050 inH2O, 0.000 inH2O, 0.050 inH2O, 0.150 inH2O, 0.250 inH2O Tol: ± 0.01",format,FMT003,Limpieza de espacios en blanco,1.0,low
AT_instrumentos_original_v2.csv,Calibración/Verificación,1755,D1755,Valor anterior,"-0.250 inH2O, -0.150 inH2O, -0.050 inH2O, 0.000 inH2O, 0.050 inH2O, 0.150 inH2O, 0.250 inH2O  Tol: ± 0.10","-0.250 inH2O, -0.150 inH2O, -0.050 inH2O, 0.000 inH2O, 0.050 inH2O, 0.150 inH2O, 0.250 inH2O Tol: ± 0.10",format,FMT003,Limpieza de espacios en blanco,1.0,low
AT_instrumentos_original_v2.csv,Calibración/Verificación,1755,E1755,Nuevo valor,"-0.250 inH2O, -0.150 inH2O, -0.050 inH2O, 0.000 inH2O, 0.050 inH2O, 0.150 inH2O, 0.250 inH2O  Tol: ± 0.01","-0.250 inH2O, -0.150 inH2O, -0.050 inH2O, 0.000 inH2O, 0.050 inH2O, 0.150 inH2O, 0.250 inH2O Tol: ± 0.01",format,FMT003,Limpieza de espacios en blanco,1.0,low
AT_instrumentos_original_v2.csv,Calibración/Verificación,1756,D1756,Valor anterior,"-0.250 inH2O, -0.150 inH2O, -0.050 inH2O, 0.000 inH2O, 0.050 inH2O, 0.150 inH2O, 0.250 inH2O  Tol: ± 0.10","-0.250 inH2O, -0.150 inH2O, -0.050 inH2O, 0.000 inH2O, 0.050 inH2O, 0.150 inH2O, 0.250 inH2O Tol: ± 0.10",format,FMT003,Limpieza de espacios en blanco,1.0,low
AT_instrumentos_original_v2.csv,Calibración/Verificación,1756,E1756,Nuevo valor,"-0.250 inH2O, -0.150 inH2O, -0.050 inH2O, 0.000 inH2O, 0.050 inH2O, 0.150 inH2O, 0.250 inH2O  Tol: ± 0.01","-0.250 inH2O, -0.150 inH2O, -0.050 inH2O, 0.000 inH2O, 0.050 inH2O, 0.150 inH2O, 0.250 inH2O Tol: ± 0.01",format,FMT003,Limpieza de espacios en blanco,1.0,low
AT_instrumentos_original_v2.csv,Calibración/Verificación,1757,D1757,Valor anterior,"-0.250 inH2O, -0.150 inH2O, -0.050 inH2O, 0.000 inH2O, 0.050 inH2O, 0.150 inH2O, 0.250 inH2O  Tol: ± 0.10","-0.250 inH2O, -0.150 inH2O, -0.050 inH2O, 0.000 inH2O, 0.050 inH2O, 0.150 inH2O, 0.250 inH2O Tol: ± 0.10",format,FMT003,Limpieza de espacios en blanco,1.0,low
AT_instrumentos_original_v2.csv,Calibración/Verificación,1757,E1757,Nuevo valor,"-0.250 inH2O, -0.150 inH2O, -0.050 inH2O, 0.000 inH2O, 0.050 inH2O, 0.150 inH2O, 0.250 inH2O  Tol: ± 0.01","-0.250 inH2O, -0.150 inH2O, -0.050 inH2O, 0.000 inH2O, 0.050 inH2O, 0.150 inH2O, 0.250 inH2O Tol: ± 0.01",format,FMT003,Limpieza de espacios en blanco,1.0,low
AT_instrumentos_original_v2.csv,Calibración/Verificación,1758,D1758,Valor anterior,"-0.250 inH2O, -0.150 inH2O, -0.050 inH2O, 0.000 inH2O, 0.050 inH2O, 0.150 inH2O, 0.250 inH2O  Tol: ± 0.10","-0.250 inH2O, -0.150 inH2O, -0.050 inH2O, 0.000 inH2O, 0.050 inH2O, 0.150 inH2O, 0.250 inH2O Tol: ± 0.10",format,FMT003,Limpieza de espacios en blanco,1.0,low
AT_instrumentos_original_v2.csv,Calibración/Verificación,1758,E1758,Nuevo valor,"-0.250 inH2O, -0.150 inH2O, -0.050 inH2O, 0.000 inH2O, 0.050 inH2O, 0.150 inH2O, 0.250 inH2O  Tol: ± 0.01","-0.250 inH2O, -0.150 inH2O, -0.050 inH2O, 0.000 inH2O, 0.050 inH2O, 0.150 inH2O, 0.250 inH2O Tol: ± 0.01",format,FMT003,Limpieza de espacios en blanco,1.0,low
AT_instrumentos_original_v2.csv,Calibración/Verificación,1761,D1761,Valor anterior,"-0.250 inH2O, -0.150 inH2O, -0.050 inH2O, 0.000 inH2O, 0.050 inH2O, 0.150 inH2O, 0.250 inH2O  Tol: ± 0.10","-0.250 inH2O, -0.150 inH2O, -0.050 inH2O, 0.000 inH2O, 0.050 inH2O, 0.150 inH2O, 0.250 inH2O Tol: ± 0.10",format,FMT003,Limpieza de espacios en blanco,1.0,low
AT_instrumentos_original_v2.csv,Calibración/Verificación,1761,E1761,Nuevo valor,"-0.250 inH2O, -0.150 inH2O, -0.050 inH2O, 0.000 inH2O, 0.050 inH2O, 0.150 inH2O, 0.250 inH2O  Tol: ± 0.01","-0.250 inH2O, -0.150 inH2O, -0.050 inH2O, 0.000 inH2O, 0.050 inH2O, 0.150 inH2O, 0.250 inH2O Tol: ± 0.01",format,FMT003,Limpieza de espacios en blanco,1.0,low
AT_instrumentos_original_v2.csv,Calibración/Verificación,1762,D1762,Valor anterior,"-0.250 inH2O, -0.150 inH2O, -0.050 inH2O, 0.000 inH2O, 0.050 inH2O, 0.150 inH2O, 0.250 inH2O  Tol: ± 0.10","-0.250 inH2O, -0.150 inH2O, -0.050 inH2O, 0.000 inH2O, 0.050 inH2O, 0.150 inH2O, 0.250 inH2O Tol: ± 0.10",format,FMT003,Limpieza de espacios en blanco,1.0,low
AT_instrumentos_original_v2.csv,Calibración/Verificación,1762,E1762,Nuevo valor,"-0.250 inH2O, -0.150 inH2O, -0.050 inH2O, 0.000 inH2O, 0.050 inH2O, 0.150 inH2O, 0.250 inH2O  Tol: ± 0.01","-0.250 inH2O, -0.150 inH2O, -0.050 inH2O, 0.000 inH2O, 0.050 inH2O, 0.150 inH2O, 0.250 inH2O Tol: ± 0.01",format,FMT003,Limpieza de espacios en blanco,1.0,low
AT_instrumentos_original_v2.csv,Calibración/Verificación,1763,D1763,Valor anterior,"-0.250 inH2O, -0.150 inH2O, -0.050 inH2O, 0.000 inH2O, 0.050 inH2O, 0.150 inH2O, 0.250 inH2O  Tol: ± 0.10","-0.250 inH2O, -0.150 inH2O, -0.050 inH2O, 0.000 inH2O, 0.050 inH2O, 0.150 inH2O, 0.250 inH2O Tol: ± 0.10",format,FMT003,Limpieza de espacios en blanco,1.0,low
AT_instrumentos_original_v2.csv,Calibración/Verificación,1763,E1763,Nuevo valor,"-0.250 inH2O, -0.150 inH2O, -0.050 inH2O, 0.000 inH2O, 0.050 inH2O, 0.150 inH2O, 0.250 inH2O  Tol: ± 0.01","-0.250 inH2O, -0.150 inH2O, -0.050 inH2O, 0.000 inH2O, 0.050 inH2O, 0.150 inH2O, 0.250 inH2O Tol: ± 0.01",format,FMT003,Limpieza de espacios en blanco,1.0,low
AT_instrumentos_original_v2.csv,Calibración/Verificación,1807,E1807,Nuevo valor,"0.0 inHg, -5.0 inHg, -10.0 inHg, -15.0 inHg, -20.5  inHg, -25.5 inHg, 30.0 inHg Tol. ±1.0inHg","0.0 inHg, -5.0 inHg, -10.0 inHg, -15.0 inHg, -20.5 inHg, -25.5 inHg, 30.0 inHg Tol. ±1.0inHg",format,FMT003,Limpieza de espacios en blanco,1.0,low
AT_instrumentos_original_v2.csv,SBL-LM-08,1821,E1821,Nuevo valor,Almacen,Almacén,homologation,HOM003,Estandarización de nombres de departamentos,0.85,medium
AT_instrumentos_original_v2.csv,Calibración/Verificación,1835,D1835,Valor anterior,"0.0 inHg, -5.0 inHg, -10.0 inHg, -15.0 inHg, -20.5  inHg, -25.5 inHg, 30.0 inHg Tol. ±1.0inHg","0.0 inHg, -5.0 inHg, -10.0 inHg, -15.0 inHg, -20.5 inHg, -25.5 inHg, 30.0 inHg Tol. ±1.0inHg",format,FMT003,Limpieza de espacios en blanco,1.0,low
AT_instrumentos_original_v2.csv,Calibración/Verificación,1835,E1835,Nuevo valor,"0.0 inHg, -5.0 inHg, -10.0 inHg, -15.0 inHg, -20.5  inHg, -25.5 inHg, -30.0 inHg Tol. ±1.0inHg","0.0 inHg, -5.0 inHg, -10.0 inHg, -15.0 inHg, -20.5 inHg, -25.5 inHg, -30.0 inHg Tol. ±1.0inHg",format,FMT003,Limpieza de espacios en blanco,1.0,low
AT_instrumentos_original_v2.csv,SBL-LM-08,1887,E1887,Nuevo valor,Extech,Extech Instruments,homologation,HOM002,Estandarización de nombres de marcas,0.9,medium
AT_instrumentos_original_v2.csv,Calibración/Verificación,1904,E1904,Nuevo valor,"1.00s,  10.00 min, 30.00 min, 1.00 hr, 5.00 hr, 10.00 hr, 12.00 hr, 15.00 hr, 20.00 hr ± 1.00s","1.00s, 10.00 min, 30.00 min, 1.00 hr, 5.00 hr, 10.00 hr, 12.00 hr, 15.00 hr, 20.00 hr ± 1.00s",format,FMT003,Limpieza de espacios en blanco,1.0,low
AT_instrumentos_original_v2.csv,SBL-LM-08,1971,E1971,Nuevo valor,Termohigrometro,Termohigrómetro,homologation,HOM001,Corrección ortográfica de nombres de instrumentos,0.95,low
AT_instrumentos_original_v2.csv,SBL-LM-08,1973,E1973,Nuevo valor,Extech Instrument,Extech Instruments,homologation,HOM002,Estandarización de nombres de marcas,0.9,medium
AT_instrumentos_original_v2.csv,SBL-LM-08,1992,E1992,Nuevo valor,Extech Instrument,Extech Instruments,homologation,HOM002,Estandarización de nombres de marcas,0.9,medium
AT_instrumentos_original_v2.csv,SBL-LM-08,2012,E2012,Nuevo valor,Extech Instrument,Extech Instruments,homologation,HOM002,Estandarización de nombres de marcas,0.9,medium
AT_instrumentos_original_v2.csv,SBL-LM-08,2030,E2030,Nuevo valor,Extech Instrument,Extech Instruments,homologation,HOM002,Estandarización de nombres de marcas,0.9,medium
AT_instrumentos_original_v2.csv,Calibración/Verificación,2159,E2159,Nuevo valor,"Temperatura: -8.0°C, 0.0°C, 18.0°C, 25.0°C, 40.0°C, 55.0°C Tol ±1.0°C
Humedad relativa: 15.0%, 30.0%, 65.0%, 80.0% Tol ±6.0%","Temperatura: -8.0°C, 0.0°C, 18.0°C, 25.0°C, 40.0°C, 55.0°C Tol ±1.0°C Humedad relativa: 15.0%, 30.0%, 65.0%, 80.0% Tol ±6.0%",format,FMT003,Limpieza de espacios en blanco,1.0,low
AT_instrumentos_original_v2.csv,SBL-LM-08,2371,D2371,Valor anterior,Fabricación ,Fabricación,format,FMT003,Limpieza de espacios en blanco,1.0,low
AT_instrumentos_original_v2.csv,Calibración/Verificación,2553,D2553,Valor anterior,"0.0°C, 20.0°C, 40.0°C, 55.0°C Tol ± 1.0°C
15%, 30%, 60%, 60% Tol ± 6%","0.0°C, 20.0°C, 40.0°C, 55.0°C Tol ± 1.0°C 15%, 30%, 60%, 60% Tol ± 6%",format,FMT003,Limpieza de espacios en blanco,1.0,low
AT_instrumentos_original_v2.csv,Calibración/Verificación,2553,E2553,Nuevo valor,"0.0°C, 20.0°C, 40.0°C, 55.0°C Tol ± 1.0°C
15%, 30%, 60%, 80% Tol ± 6%","0.0°C, 20.0°C, 40.0°C, 55.0°C Tol ± 1.0°C 15%, 30%, 60%, 80% Tol ± 6%",format,FMT003,Limpieza de espacios en blanco,1.0,low
AT_instrumentos_original_v2.csv,SBL-LM-08,2658,D2658,Valor anterior,"Piso técnico,
Tanque hidroneumático","Piso técnico, Tanque hidroneumático",format,FMT003,Limpieza de espacios en blanco,1.0,low
AT_instrumentos_original_v2.csv,Calibración/Verificación,2695,E2695,Nuevo valor,"Puntos a calibrar: 0.0005, 0.03 kg, 0.05 kg, 0.10 kg, 0.30 kg, 20.00 kg, 40.00 kg, 60.00 kg, 100.00 kg, 150.00 kg Tol. ± 0.005 kg                 
                        ","Puntos a calibrar: 0.0005, 0.03 kg, 0.05 kg, 0.10 kg, 0.30 kg, 20.00 kg, 40.00 kg, 60.00 kg, 100.00 kg, 150.00 kg Tol. ± 0.005 kg",format,FMT003,Limpieza de espacios en blanco,1.0,low
AT_instrumentos_original_v2.csv,Calibración/Verificación,2730,D2730,Valor anterior,"Temperatura In, 0.0°C, 20.0°C, 40.0°C, 50.0°C Tol ± 1.0°C.
Temperatura Out -35.0°C, -25.0°C, -15.0°C, -10.0°C, -0.0°C Tol ± 1.0°C
Humedad In 15%, 30%, 60%, 80% Tol ± 6%","Temperatura In, 0.0°C, 20.0°C, 40.0°C, 50.0°C Tol ± 1.0°C. Temperatura Out -35.0°C, -25.0°C, -15.0°C, -10.0°C, -0.0°C Tol ± 1.0°C Humedad In 15%, 30%, 60%, 80% Tol ± 6%",format,FMT003,Limpieza de espacios en blanco,1.0,low
AT_instrumentos_original_v2.csv,Calibración/Verificación,2730,E2730,Nuevo valor,"Temperatura In, 0.0°C, 20.0°C, 40.0°C, 50.0°C Tol ± 1.0°C.
Temperatura Out  -25.0°C, -15.0°C, -10.0°C, -0.0°C Tol ± 1.0°C
Humedad In 15%, 30%, 60%, 80% Tol ± 6%","Temperatura In, 0.0°C, 20.0°C, 40.0°C, 50.0°C Tol ± 1.0°C. Temperatura Out -25.0°C, -15.0°C, -10.0°C, -0.0°C Tol ± 1.0°C Humedad In 15%, 30%, 60%, 80% Tol ± 6%",format,FMT003,Limpieza de espacios en blanco,1.0,low
AT_instrumentos_original_v2.csv,Calibración/Verificación,2764,D2764,Valor anterior,"Puntos a calibrar: 0.0005, 0.03 kg, 0.05 kg, 0.10 kg, 0.30 kg, 20.00 kg, 40.00 kg, 60.00 kg, 100.00 kg, 150.00 kg Tol. ± 0.005 kg                 
                        ","Puntos a calibrar: 0.0005, 0.03 kg, 0.05 kg, 0.10 kg, 0.30 kg, 20.00 kg, 40.00 kg, 60.00 kg, 100.00 kg, 150.00 kg Tol. ± 0.005 kg",format,FMT003,Limpieza de espacios en blanco,1.0,low
AT_instrumentos_original_v2.csv,Calibración/Verificación,2764,E2764,Nuevo valor,"Puntos a calibrar: 0.020, 0.03 kg, 0.05 kg, 0.10 kg, 0.30 kg, 20.00 kg, 40.00 kg, 60.00 kg, 100.00 kg, 150.00 kg Tol. ± 0.005 kg                 
                        ","Puntos a calibrar: 0.020, 0.03 kg, 0.05 kg, 0.10 kg, 0.30 kg, 20.00 kg, 40.00 kg, 60.00 kg, 100.00 kg, 150.00 kg Tol. ± 0.005 kg",format,FMT003,Limpieza de espacios en blanco,1.0,low
AT_instrumentos_original_v2.csv,Calibración/Verificación,2765,D2765,Valor anterior,"Puntos a calibrar: 0.0005, 0.03 kg, 0.05 kg, 0.10 kg, 0.30 kg, 20.00 kg, 40.00 kg, 60.00 kg, 100.00 kg, 150.00 kg Tol. ± 0.005 kg                 
                        ","Puntos a calibrar: 0.0005, 0.03 kg, 0.05 kg, 0.10 kg, 0.30 kg, 20.00 kg, 40.00 kg, 60.00 kg, 100.00 kg, 150.00 kg Tol. ± 0.005 kg",format,FMT003,Limpieza de espacios en blanco,1.0,low
AT_instrumentos_original_v2.csv,Calibración/Verificación,2765,E2765,Nuevo valor,"Puntos a calibrar: 0.020, 0.03 kg, 0.05 kg, 0.10 kg, 0.30 kg, 20.00 kg, 40.00 kg, 60.00 kg, 100.00 kg, 150.00 kg Tol. ± 0.005 kg                 
                        ","Puntos a calibrar: 0.020, 0.03 kg, 0.05 kg, 0.10 kg, 0.30 kg, 20.00 kg, 40.00 kg, 60.00 kg, 100.00 kg, 150.00 kg Tol. ± 0.005 kg",format,FMT003,Limpieza de espacios en blanco,1.0,low
AT_instrumentos_original_v2.csv,SBL-LM-08,2767,E2767,Nuevo valor,Termostato programable ,Termostato programable,format,FMT003,Limpieza de espacios en blanco,1.0,low
AT_instrumentos_original_v2.csv,SBL-LM-08,2862,D2862,Valor anterior,Fabricación ,Fabricación,format,FMT003,Limpieza de espacios en blanco,1.0,low
AT_instrumentos_original_v2.csv,SBL-LM-08,2864,D2864,Valor anterior,Fabricación ,Fabricación,format,FMT003,Limpieza de espacios en blanco,1.0,low
AT_instrumentos_original_v2.csv,Calibración/Verificación,2872,D2872,Valor anterior,"Puntos a calibrar: 0.020, 0.03 kg, 0.05 kg, 0.10 kg, 0.30 kg, 20.00 kg, 40.00 kg, 60.00 kg, 100.00 kg, 150.00 kg Tol. ± 0.005 kg                 
                        ","Puntos a calibrar: 0.020, 0.03 kg, 0.05 kg, 0.10 kg, 0.30 kg, 20.00 kg, 40.00 kg, 60.00 kg, 100.00 kg, 150.00 kg Tol. ± 0.005 kg",format,FMT003,Limpieza de espacios en blanco,1.0,low
AT_instrumentos_original_v2.csv,Calibración/Verificación,2872,E2872,Nuevo valor,"Puntos a calibrar: 0.020, 0.030 kg, 0.050 kg, 0.100 kg, 0.300 kg, 20.000 kg, 40.000 kg, 60.000 kg, 100.000 kg, 150.000 kg Tol. ± 0.005 kg                 
                        ","Puntos a calibrar: 0.020, 0.030 kg, 0.050 kg, 0.100 kg, 0.300 kg, 20.000 kg, 40.000 kg, 60.000 kg, 100.000 kg, 150.000 kg Tol. ± 0.005 kg",format,FMT003,Limpieza de espacios en blanco,1.0,low
AT_instrumentos_original_v2.csv,Calibración/Verificación,2884,D2884,Valor anterior,"Puntos a calibrar: 0.020, 0.03 kg, 0.05 kg, 0.10 kg, 0.30 kg, 20.00 kg, 40.00 kg, 60.00 kg, 100.00 kg, 150.00 kg Tol. ± 0.005 kg                 
                        ","Puntos a calibrar: 0.020, 0.03 kg, 0.05 kg, 0.10 kg, 0.30 kg, 20.00 kg, 40.00 kg, 60.00 kg, 100.00 kg, 150.00 kg Tol. ± 0.005 kg",format,FMT003,Limpieza de espacios en blanco,1.0,low
AT_instrumentos_original_v2.csv,Calibración/Verificación,2884,E2884,Nuevo valor,"Puntos a calibrar: 0.020, 0.030 kg, 0.050 kg, 0.100 kg, 0.300 kg, 20.000 kg, 40.000 kg, 60.000 kg, 100.000 kg, 150.000 kg Tol. ± 0.005 kg                 
                        ","Puntos a calibrar: 0.020, 0.030 kg, 0.050 kg, 0.100 kg, 0.300 kg, 20.000 kg, 40.000 kg, 60.000 kg, 100.000 kg, 150.000 kg Tol. ± 0.005 kg",format,FMT003,Limpieza de espacios en blanco,1.0,low
AT_instrumentos_original_v2.csv,SBL-LM-08,3044,D3044,Valor anterior,Cuarentena de materia prima ,Cuarentena de materia prima,format,FMT003,Limpieza de espacios en blanco,1.0,low
AT_instrumentos_original_v2.csv,SBL-LM-08,3044,E3044,Nuevo valor,Cuarentena de Materia prima ,Cuarentena de Materia prima,format,FMT003,Limpieza de espacios en blanco,1.0,low
AT_instrumentos_original_v2.csv,SBL-LM-08,3045,D3045,Valor anterior,Cuarentena de Materia prima ,Cuarentena de Materia prima,format,FMT003,Limpieza de espacios en blanco,1.0,low
AT_instrumentos_original_v2.csv,SBL-LM-08,3045,E3045,Nuevo valor,Cuarentena de Materia Prima ,Cuarentena de Materia Prima,format,FMT003,Limpieza de espacios en blanco,1.0,low
AT_instrumentos_original_v2.csv,SBL-LM-08,3052,D3052,Valor anterior,Encapsulado y abrillantado #5  ,Encapsulado y abrillantado #5,format,FMT003,Limpieza de espacios en blanco,1.0,low
AT_instrumentos_original_v2.csv,SBL-LM-08,3052,E3052,Nuevo valor,Encapsulado y Abrillantado #5  ,Encapsulado y Abrillantado #5,format,FMT003,Limpieza de espacios en blanco,1.0,low
AT_instrumentos_original_v2.csv,SBL-LM-08,3059,D3059,Valor anterior,"Estabilidades,
CAC-LC-01","Estabilidades, CAC-LC-01",format,FMT003,Limpieza de espacios en blanco,1.0,low
AT_instrumentos_original_v2.csv,SBL-LM-08,3060,D3060,Valor anterior,"Estabilidades,
CAC-LC-02","Estabilidades, CAC-LC-02",format,FMT003,Limpieza de espacios en blanco,1.0,low
AT_instrumentos_original_v2.csv,SBL-LM-08,3061,D3061,Valor anterior,"Preparación microbiológica,
INC-LC-01","Preparación microbiológica, INC-LC-01",format,FMT003,Limpieza de espacios en blanco,1.0,low
AT_instrumentos_original_v2.csv,SBL-LM-08,3062,D3062,Valor anterior,"Preparación microbiológica,
INC-LC-04","Preparación microbiológica, INC-LC-04",format,FMT003,Limpieza de espacios en blanco,1.0,low
AT_instrumentos_original_v2.csv,SBL-LM-08,3063,D3063,Valor anterior,"Preparación microbiológica,
INC-LC-05","Preparación microbiológica, INC-LC-05",format,FMT003,Limpieza de espacios en blanco,1.0,low
AT_instrumentos_original_v2.csv,SBL-LM-08,3072,D3072,Valor anterior,Control en proceso ,Control en proceso,format,FMT003,Limpieza de espacios en blanco,1.0,low
AT_instrumentos_original_v2.csv,SBL-LM-08,3072,E3072,Nuevo valor,Control en Proceso ,Control en Proceso,format,FMT003,Limpieza de espacios en blanco,1.0,low
AT_instrumentos_original_v2.csv,SBL-LM-08,3083,D3083,Valor anterior,Análisis físicoquímicos ,Análisis físicoquímicos,format,FMT003,Limpieza de espacios en blanco,1.0,low
AT_instrumentos_original_v2.csv,SBL-LM-08,3083,E3083,Nuevo valor,Análisis Físicoquímicos ,Análisis Físicoquímicos,format,FMT003,Limpieza de espacios en blanco,1.0,low
AT_instrumentos_original_v2.csv,SBL-LM-08,3098,D3098,Valor anterior,"Microbiología
BOV-LC-03",Microbiología BOV-LC-03,format,FMT003,Limpieza de espacios en blanco,1.0,low
AT_instrumentos_original_v2.csv,SBL-LM-08,3102,D3102,Valor anterior,"Piso técnico, 
Extractor de polvos","Piso técnico, Extractor de polvos",format,FMT003,Limpieza de espacios en blanco,1.0,low
AT_instrumentos_original_v2.csv,SBL-LM-08,3102,E3102,Nuevo valor,"Piso Técnico, 
Extractor de polvos","Piso Técnico, Extractor de polvos",format,FMT003,Limpieza de espacios en blanco,1.0,low
AT_instrumentos_original_v2.csv,SBL-LM-08,3103,D3103,Valor anterior,"Piso técnico,
Tanque hidroneumático #1","Piso técnico, Tanque hidroneumático #1",format,FMT003,Limpieza de espacios en blanco,1.0,low
AT_instrumentos_original_v2.csv,SBL-LM-08,3103,E3103,Nuevo valor,"Piso Técnico,
Tanque hidroneumático #1","Piso Técnico, Tanque hidroneumático #1",format,FMT003,Limpieza de espacios en blanco,1.0,low
AT_instrumentos_original_v2.csv,SBL-LM-08,3104,D3104,Valor anterior,"Piso técnico, 
Ósmosis inversa","Piso técnico, Ósmosis inversa",format,FMT003,Limpieza de espacios en blanco,1.0,low
AT_instrumentos_original_v2.csv,SBL-LM-08,3104,E3104,Nuevo valor,"Piso Técnico, 
Ósmosis inversa","Piso Técnico, Ósmosis inversa",format,FMT003,Limpieza de espacios en blanco,1.0,low
AT_instrumentos_original_v2.csv,SBL-LM-08,3105,D3105,Valor anterior,"Piso Técnico, 
Ósmosis inversa","Piso Técnico, Ósmosis inversa",format,FMT003,Limpieza de espacios en blanco,1.0,low
AT_instrumentos_original_v2.csv,SBL-LM-08,3105,E3105,Nuevo valor,"Cuarto Técnico, 
Ósmosis inversa","Cuarto Técnico, Ósmosis inversa",format,FMT003,Limpieza de espacios en blanco,1.0,low
AT_instrumentos_original_v2.csv,SBL-LM-08,3173,D3173,Valor anterior,Recepción de material de envase y empaque ,Recepción de material de envase y empaque,format,FMT003,Limpieza de espacios en blanco,1.0,low
AT_instrumentos_original_v2.csv,SBL-LM-08,3173,E3173,Nuevo valor,Recepción de Material de Envase y Empaque ,Recepción de Material de Envase y Empaque,format,FMT003,Limpieza de espacios en blanco,1.0,low
AT_instrumentos_original_v2.csv,SBL-LM-08,3186,D3186,Valor anterior,Movil,Móvil,homologation,HOM004,Estandarización de nombres de ubicaciones,0.85,medium
AT_instrumentos_original_v2.csv,SBL-LM-08,3200,D3200,Valor anterior,"Análisis Instrumental II
BOV-DA-04",Análisis Instrumental II BOV-DA-04,format,FMT003,Limpieza de espacios en blanco,1.0,low
AT_instrumentos_original_v2.csv,SBL-LM-08,3213,D3213,Valor anterior,"Microbiología,
REF-LC-04","Microbiología, REF-LC-04",format,FMT003,Limpieza de espacios en blanco,1.0,low
AT_instrumentos_original_v2.csv,SBL-LM-08,3216,D3216,Valor anterior,"Análisis Instrumental II,
DES-LC-01","Análisis Instrumental II, DES-LC-01",format,FMT003,Limpieza de espacios en blanco,1.0,low
AT_instrumentos_original_v2.csv,SBL-LM-08,3217,D3217,Valor anterior,"Área de balanzas,
DES-LC-02","Área de balanzas, DES-LC-02",format,FMT003,Limpieza de espacios en blanco,1.0,low
AT_instrumentos_original_v2.csv,SBL-LM-08,3217,E3217,Nuevo valor,"Análisis Instrumental I, EN
DES-LC-02","Análisis Instrumental I, EN DES-LC-02",format,FMT003,Limpieza de espacios en blanco,1.0,low
AT_instrumentos_original_v2.csv,SBL-LM-08,3218,D3218,Valor anterior,"Análisis Instrumental I, EN
DES-LC-02","Análisis Instrumental I, EN DES-LC-02",format,FMT003,Limpieza de espacios en blanco,1.0,low
AT_instrumentos_original_v2.csv,SBL-LM-08,3218,E3218,Nuevo valor,"Análisis Instrumental I, en
DES-LC-02","Análisis Instrumental I, en DES-LC-02",format,FMT003,Limpieza de espacios en blanco,1.0,low
AT_instrumentos_original_v2.csv,SBL-LM-08,3219,D3219,Valor anterior,"Análisis Instrumental I, en
DES-LC-02","Análisis Instrumental I, en DES-LC-02",format,FMT003,Limpieza de espacios en blanco,1.0,low
AT_instrumentos_original_v2.csv,SBL-LM-08,3231,D3231,Valor anterior,Almacén de material de empaque ,Almacén de material de empaque,format,FMT003,Limpieza de espacios en blanco,1.0,low
AT_instrumentos_original_v2.csv,SBL-LM-08,3231,E3231,Nuevo valor,Almacén de Material de Empaque ,Almacén de Material de Empaque,format,FMT003,Limpieza de espacios en blanco,1.0,low
AT_instrumentos_original_v2.csv,SBL-LM-08,3237,D3237,Valor anterior,Movil,Móvil,homologation,HOM004,Estandarización de nombres de ubicaciones,0.85,medium
AT_instrumentos_original_v2.csv,SBL-LM-08,3240,D3240,Valor anterior,Movil,Móvil,homologation,HOM004,Estandarización de nombres de ubicaciones,0.85,medium
AT_instrumentos_original_v2.csv,SBL-LM-08,3255,D3255,Valor anterior,"Desintegrador 
DES-CP-01",Desintegrador DES-CP-01,format,FMT003,Limpieza de espacios en blanco,1.0,low
AT_instrumentos_original_v2.csv,SBL-LM-08,3263,D3263,Valor anterior,Control en proceso ,Control en proceso,format,FMT003,Limpieza de espacios en blanco,1.0,low
AT_instrumentos_original_v2.csv,SBL-LM-08,3263,E3263,Nuevo valor,Control en Proceso ,Control en Proceso,format,FMT003,Limpieza de espacios en blanco,1.0,low
AT_instrumentos_original_v2.csv,SBL-LM-08,3264,D3264,Valor anterior,"Utensilios
Desarrollo farmacéutico",Utensilios Desarrollo farmacéutico,format,FMT003,Limpieza de espacios en blanco,1.0,low
AT_instrumentos_original_v2.csv,SBL-LM-08,3264,E3264,Nuevo valor,"Utensilios
Desarrollo Farmacéutico",Utensilios Desarrollo Farmacéutico,format,FMT003,Limpieza de espacios en blanco,1.0,low
AT_instrumentos_original_v2.csv,Calibración/Verificación,3286,E3286,Nuevo valor,"0.020, 0.030 kg, 0.050 kg, 0.100 kg, 0.300 kg, 20.000 kg, 40.000 kg, 60.000 kg Tol. ± 0.005 kg
100.000 kg, 150.000 kg Tol. ± 0.010 kg                 
","0.020, 0.030 kg, 0.050 kg, 0.100 kg, 0.300 kg, 20.000 kg, 40.000 kg, 60.000 kg Tol. ± 0.005 kg 100.000 kg, 150.000 kg Tol. ± 0.010 kg",format,FMT003,Limpieza de espacios en blanco,1.0,low
AT_instrumentos_original_v2.csv,SBL-LM-08,3287,D3287,Valor anterior,"Utensilios
Desarrollo Farmacéutico",Utensilios Desarrollo Farmacéutico,format,FMT003,Limpieza de espacios en blanco,1.0,low
AT_instrumentos_original_v2.csv,SBL-LM-08,3298,D3298,Valor anterior,Validación ,Validación,format,FMT003,Limpieza de espacios en blanco,1.0,low
AT_instrumentos_original_v2.csv,Calibración/Verificación,3308,D3308,Valor anterior,"Temperatura 10.0°C, 20.0°C, 35.0°C, 40°C, 45°C, 50°C Tol±1.0°C, Humedad 1.0%, 35.0%, 45.0%, 65.0%,75.0%, 80.0% Tol±2.0% ","Temperatura 10.0°C, 20.0°C, 35.0°C, 40°C, 45°C, 50°C Tol±1.0°C, Humedad 1.0%, 35.0%, 45.0%, 65.0%,75.0%, 80.0% Tol±2.0%",format,FMT003,Limpieza de espacios en blanco,1.0,low
AT_instrumentos_original_v2.csv,SBL-LM-08,3325,D3325,Valor anterior,Filtro de bolsa               UMA -MA-02,Filtro de bolsa UMA -MA-02,format,FMT003,Limpieza de espacios en blanco,1.0,low
AT_instrumentos_original_v2.csv,SBL-LM-08,3326,D3326,Valor anterior,Filtro HEPA                        UMA-MA-02,Filtro HEPA UMA-MA-02,format,FMT003,Limpieza de espacios en blanco,1.0,low
AT_instrumentos_original_v2.csv,SBL-LM-08,3437,D3437,Valor anterior,Microbiologia,Microbiología,homologation,HOM003,Estandarización de nombres de departamentos,0.85,medium
AT_instrumentos_original_v2.csv,SBL-LM-08,3440,E3440,Nuevo valor,Desarrollo Analitico,Desarrollo Analítico,homologation,HOM003,Estandarización de nombres de departamentos,0.85,medium
AT_instrumentos_original_v2.csv,SBL-LM-08,3451,D3451,Valor anterior,Desarrollo Analitico,Desarrollo Analítico,homologation,HOM003,Estandarización de nombres de departamentos,0.85,medium
AT_instrumentos_original_v2.csv,SBL-LM-08,3457,D3457,Valor anterior,"Piso Técnico, 
Extractor de polvos","Piso Técnico, Extractor de polvos",format,FMT003,Limpieza de espacios en blanco,1.0,low
AT_instrumentos_original_v2.csv,SBL-LM-08,3458,D3458,Valor anterior,"Piso Técnico,
Tanque hidroneumático #1","Piso Técnico, Tanque hidroneumático #1",format,FMT003,Limpieza de espacios en blanco,1.0,low
AT_instrumentos_original_v2.csv,SBL-LM-08,3459,D3459,Valor anterior,"Cuarto Técnico, 
Ósmosis inversa","Cuarto Técnico, Ósmosis inversa",format,FMT003,Limpieza de espacios en blanco,1.0,low
AT_instrumentos_original_v2.csv,SBL-LM-08,3553,D3553,Valor anterior,Almacen,Almacén,homologation,HOM003,Estandarización de nombres de departamentos,0.85,medium
AT_instrumentos_original_v2.csv,SBL-LM-08,3554,D3554,Valor anterior,Almacen,Almacén,homologation,HOM003,Estandarización de nombres de departamentos,0.85,medium
AT_instrumentos_original_v2.csv,SBL-LM-08,3556,D3556,Valor anterior,Almacen,Almacén,homologation,HOM003,Estandarización de nombres de departamentos,0.85,medium
AT_instrumentos_original_v2.csv,SBL-LM-08,3557,D3557,Valor anterior,Desarrollo Analitico,Desarrollo Analítico,homologation,HOM003,Estandarización de nombres de departamentos,0.85,medium
AT_instrumentos_original_v2.csv,SBL-LM-08,3558,D3558,Valor anterior,Desarrollo Farmaceutico,Desarrollo Farmacéutico,homologation,HOM003,Estandarización de nombres de departamentos,0.85,medium
AT_instrumentos_original_v2.csv,SBL-LM-08,3646,D3646,Valor anterior,Cuarentena de Materia Prima ,Cuarentena de Materia Prima,format,FMT003,Limpieza de espacios en blanco,1.0,low
AT_instrumentos_original_v2.csv,Calibración/Verificación,3648,D3648,Valor anterior,"0mg, 1mg, 2mg, 20mg y 50mg Tol ± 0.2 mg
1g, 2g, 5g, 10g, 30g, 50g, 80g, 110g Tol ± 0.0001 gr","0mg, 1mg, 2mg, 20mg y 50mg Tol ± 0.2 mg 1g, 2g, 5g, 10g, 30g, 50g, 80g, 110g Tol ± 0.0001 gr",format,FMT003,Limpieza de espacios en blanco,1.0,low
AT_instrumentos_original_v2.csv,Calibración/Verificación,3648,E3648,Nuevo valor,"0mg, 1mg, 2mg, 20mg y 50mg Tol ± 0.2 mg
1g, 2g, 5g, 10g, 30g, 50g, 80g, 110g Tol ± 0.0001 g","0mg, 1mg, 2mg, 20mg y 50mg Tol ± 0.2 mg 1g, 2g, 5g, 10g, 30g, 50g, 80g, 110g Tol ± 0.0001 g",format,FMT003,Limpieza de espacios en blanco,1.0,low
AT_instrumentos_original_v2.csv,Calibración/Verificación,3654,D3654,Valor anterior,"0mg, 1mg, 2mg, 20mg y 50mg Tol ± 0.2 mg
1g, 2g, 5g, 10g, 30g, 50g, 80g, 110g Tol ± 0.0001 g","0mg, 1mg, 2mg, 20mg y 50mg Tol ± 0.2 mg 1g, 2g, 5g, 10g, 30g, 50g, 80g, 110g Tol ± 0.0001 g",format,FMT003,Limpieza de espacios en blanco,1.0,low
AT_instrumentos_original_v2.csv,Calibración/Verificación,3654,E3654,Nuevo valor,"0 mg, 1.0 mg, 2.0 mg, 20.0 mg y 50.0 mg Tol ± 0.2 mg
1 g, 2 g, 5 g, 10 g, 30 g, 50 g, 80 g, 110 g Tol ± 0.0001 g","0 mg, 1.0 mg, 2.0 mg, 20.0 mg y 50.0 mg Tol ± 0.2 mg 1 g, 2 g, 5 g, 10 g, 30 g, 50 g, 80 g, 110 g Tol ± 0.0001 g",format,FMT003,Limpieza de espacios en blanco,1.0,low
AT_instrumentos_original_v2.csv,Calibración/Verificación,3655,D3655,Valor anterior,"0mg, 1mg, 2mg, 20mg y 50 mg Tol ± 0.2 mg
1g, 2g, 5g, 10g, 30g, 50g, 80g, 110g Tol ±0.0001 g","0mg, 1mg, 2mg, 20mg y 50 mg Tol ± 0.2 mg 1g, 2g, 5g, 10g, 30g, 50g, 80g, 110g Tol ±0.0001 g",format,FMT003,Limpieza de espacios en blanco,1.0,low
AT_instrumentos_original_v2.csv,Calibración/Verificación,3655,E3655,Nuevo valor,"0 mg, 1 mg, 2 mg, 20 mg y 50 mg Tol ± 0.2 mg
1 g, 2 g, 5 g, 10 g, 30 g, 50 g, 80 g, 110 g Tol ±0.0001 g","0 mg, 1 mg, 2 mg, 20 mg y 50 mg Tol ± 0.2 mg 1 g, 2 g, 5 g, 10 g, 30 g, 50 g, 80 g, 110 g Tol ±0.0001 g",format,FMT003,Limpieza de espacios en blanco,1.0,low
AT_instrumentos_original_v2.csv,Calibración/Verificación,3656,D3656,Valor anterior,"0.1 mg, 50.0 mg, 75.0 mg Tol±0.2, 
1.0000 g, 5.0000 g, 10.0000 g, 50.0000 g, 100.0000 g, 120.0000 g. Tol ±0.0001","0.1 mg, 50.0 mg, 75.0 mg Tol±0.2, 1.0000 g, 5.0000 g, 10.0000 g, 50.0000 g, 100.0000 g, 120.0000 g. Tol ±0.0001",format,FMT003,Limpieza de espacios en blanco,1.0,low
AT_instrumentos_original_v2.csv,Calibración/Verificación,3656,E3656,Nuevo valor,"0.1 mg, 50.0 mg, 75.0 mg Tol±0.2 mg, 
1.0000 g, 5.0000 g, 10.0000 g, 50.0000 g, 100.0000 g, 120.0000 g. Tol ±0.0001 g","0.1 mg, 50.0 mg, 75.0 mg Tol±0.2 mg, 1.0000 g, 5.0000 g, 10.0000 g, 50.0000 g, 100.0000 g, 120.0000 g. Tol ±0.0001 g",format,FMT003,Limpieza de espacios en blanco,1.0,low
AT_instrumentos_original_v2.csv,Calibración/Verificación,3681,D3681,Valor anterior,"Puntos a calibrar: 0.020, 0.030 kg, 0.050 kg, 0.100 kg, 0.300 kg, 20.000 kg, 40.000 kg, 60.000 kg, 100.000 kg, 150.000 kg Tol. ± 0.005 kg                 
                        ","Puntos a calibrar: 0.020, 0.030 kg, 0.050 kg, 0.100 kg, 0.300 kg, 20.000 kg, 40.000 kg, 60.000 kg, 100.000 kg, 150.000 kg Tol. ± 0.005 kg",format,FMT003,Limpieza de espacios en blanco,1.0,low
AT_instrumentos_original_v2.csv,Calibración/Verificación,3681,E3681,Nuevo valor,"0.020 kg, 0.030 kg, 0.050 kg, 0.100 kg, 0.300 kg, 20.000 kg, 40.000 kg, 60.000 kg, 100.000 kg, 150.000 kg Tol. ± 0.005 kg                 
                        ","0.020 kg, 0.030 kg, 0.050 kg, 0.100 kg, 0.300 kg, 20.000 kg, 40.000 kg, 60.000 kg, 100.000 kg, 150.000 kg Tol. ± 0.005 kg",format,FMT003,Limpieza de espacios en blanco,1.0,low
AT_instrumentos_original_v2.csv,Calibración/Verificación,3682,D3682,Valor anterior,"Puntos a calibrar: 0.020, 0.030 kg, 0.050 kg, 0.100 kg, 0.300 kg, 20.000 kg, 40.000 kg, 60.000 kg, 100.000 kg, 150.000 kg Tol. ± 0.005 kg                 
                        ","Puntos a calibrar: 0.020, 0.030 kg, 0.050 kg, 0.100 kg, 0.300 kg, 20.000 kg, 40.000 kg, 60.000 kg, 100.000 kg, 150.000 kg Tol. ± 0.005 kg",format,FMT003,Limpieza de espacios en blanco,1.0,low
AT_instrumentos_original_v2.csv,Calibración/Verificación,3682,E3682,Nuevo valor,"0.020 kg, 0.030 kg, 0.050 kg, 0.100 kg, 0.300 kg, 20.000 kg, 40.000 kg, 60.000 kg, 100.000 kg, 150.000 kg Tol. ± 0.005 kg                 
                        ","0.020 kg, 0.030 kg, 0.050 kg, 0.100 kg, 0.300 kg, 20.000 kg, 40.000 kg, 60.000 kg, 100.000 kg, 150.000 kg Tol. ± 0.005 kg",format,FMT003,Limpieza de espacios en blanco,1.0,low
AT_instrumentos_original_v2.csv,Calibración/Verificación,3683,D3683,Valor anterior,"0.020, 0.030 kg, 0.050 kg, 0.100 kg, 0.300 kg, 20.000 kg, 40.000 kg, 60.000 kg Tol. ± 0.005 kg
100.000 kg, 150.000 kg Tol. ± 0.010 kg                 
","0.020, 0.030 kg, 0.050 kg, 0.100 kg, 0.300 kg, 20.000 kg, 40.000 kg, 60.000 kg Tol. ± 0.005 kg 100.000 kg, 150.000 kg Tol. ± 0.010 kg",format,FMT003,Limpieza de espacios en blanco,1.0,low
AT_instrumentos_original_v2.csv,Calibración/Verificación,3683,E3683,Nuevo valor,"0.020 kg, 0.030 kg, 0.050 kg, 0.100 kg, 0.300 kg, 20.000 kg, 40.000 kg, 60.000 kg Tol. ± 0.005 kg
100.000 kg, 150.000 kg Tol. ± 0.010 kg                 
","0.020 kg, 0.030 kg, 0.050 kg, 0.100 kg, 0.300 kg, 20.000 kg, 40.000 kg, 60.000 kg Tol. ± 0.005 kg 100.000 kg, 150.000 kg Tol. ± 0.010 kg",format,FMT003,Limpieza de espacios en blanco,1.0,low
AT_instrumentos_original_v2.csv,Calibración/Verificación,3687,D3687,Valor anterior,"Flujo: 28.30 lpm ± 1.42
Tiempo de muestreo: 60.00 s ± 0.60
Eficiencia de conteo: 0.3μm, 0.5μm, 1.0μm, 3.0μm, 5.0μm, 10.0μm Tol ± 10%","Flujo: 28.30 lpm ± 1.42 Tiempo de muestreo: 60.00 s ± 0.60 Eficiencia de conteo: 0.3μm, 0.5μm, 1.0μm, 3.0μm, 5.0μm, 10.0μm Tol ± 10%",format,FMT003,Limpieza de espacios en blanco,1.0,low
AT_instrumentos_original_v2.csv,Calibración/Verificación,3687,E3687,Nuevo valor,"Flujo: 28.30 lpm ± 1.42
Tiempo de muestreo: 60.00 s ± 0.60 s
Eficiencia de conteo: 0.3 μm, 0.5 μm, 1.0 μm, 3.0 μm, 5.0 μm,10.0μm Tol ± 10%","Flujo: 28.30 lpm ± 1.42 Tiempo de muestreo: 60.00 s ± 0.60 s Eficiencia de conteo: 0.3 μm, 0.5 μm, 1.0 μm, 3.0 μm, 5.0 μm,10.0μm Tol ± 10%",format,FMT003,Limpieza de espacios en blanco,1.0,low
AT_instrumentos_original_v2.csv,Calibración/Verificación,3688,D3688,Valor anterior,"Flujo: 28.30 lpm ± 1.42
Tiempo de muestreo: 60.00 s ± 0.60 s
Eficiencia de conteo: 0.3 μm, 0.5 μm, 1.0 μm, 3.0 μm, 5.0 μm,10.0μm Tol ± 10%","Flujo: 28.30 lpm ± 1.42 Tiempo de muestreo: 60.00 s ± 0.60 s Eficiencia de conteo: 0.3 μm, 0.5 μm, 1.0 μm, 3.0 μm, 5.0 μm,10.0μm Tol ± 10%",format,FMT003,Limpieza de espacios en blanco,1.0,low
AT_instrumentos_original_v2.csv,Calibración/Verificación,3688,E3688,Nuevo valor,"Flujo: 28.30 l/min ± 1.42 l/min
Tiempo de muestreo: 60.00 s ± 0.60 s
Eficiencia de conteo: 0.3 μm, 0.5 μm, 1.0 μm, 3.0 μm, 5.0 μm,10.0μm Tol ± 10%","Flujo: 28.30 l/min ± 1.42 l/min Tiempo de muestreo: 60.00 s ± 0.60 s Eficiencia de conteo: 0.3 μm, 0.5 μm, 1.0 μm, 3.0 μm, 5.0 μm,10.0μm Tol ± 10%",format,FMT003,Limpieza de espacios en blanco,1.0,low
AT_instrumentos_original_v2.csv,Calibración/Verificación,3689,D3689,Valor anterior,"1.00s,  10.00 min, 30.00 min, 1.00 hr, 5.00 hr, 10.00 hr, 12.00 hr, 15.00 hr, 20.00 hr ± 1.00s","1.00s, 10.00 min, 30.00 min, 1.00 hr, 5.00 hr, 10.00 hr, 12.00 hr, 15.00 hr, 20.00 hr ± 1.00s",format,FMT003,Limpieza de espacios en blanco,1.0,low
AT_instrumentos_original_v2.csv,Calibración/Verificación,3689,E3689,Nuevo valor,"1.00 s,  10.00 min, 30.00 min, 1.00 hr, 5.00 hr, 10.00 hr, 12.00 hr, 15.00 hr, 20.00 hr ± 1.00 s","1.00 s, 10.00 min, 30.00 min, 1.00 hr, 5.00 hr, 10.00 hr, 12.00 hr, 15.00 hr, 20.00 hr ± 1.00 s",format,FMT003,Limpieza de espacios en blanco,1.0,low
AT_instrumentos_original_v2.csv,Calibración/Verificación,3712,D3712,Valor anterior," 10.00 μL (Tol. ±0.16), 50.00 μL (Tol. ±0.40), 100.00 μL (Tol. ± 0.80)","10.00 μL (Tol. ±0.16), 50.00 μL (Tol. ±0.40), 100.00 μL (Tol. ± 0.80)",format,FMT003,Limpieza de espacios en blanco,1.0,low
AT_instrumentos_original_v2.csv,Calibración/Verificación,3719,D3719,Valor anterior,"100.00 μL (Tol ±1.0), 500.00 μL (Tol ±4.00), 1000.00 μL (Tol ±6.00) ","100.00 μL (Tol ±1.0), 500.00 μL (Tol ±4.00), 1000.00 μL (Tol ±6.00)",format,FMT003,Limpieza de espacios en blanco,1.0,low
AT_instrumentos_original_v2.csv,Calibración/Verificación,3719,E3719,Nuevo valor,"100.00 μL (Tol ±1.0 µL), 500.00 μL (Tol ±4.00 µL), 1000.00 μL (Tol ±6.00 µL) ","100.00 μL (Tol ±1.0 µL), 500.00 μL (Tol ±4.00 µL), 1000.00 μL (Tol ±6.00 µL)",format,FMT003,Limpieza de espacios en blanco,1.0,low
AT_instrumentos_original_v2.csv,Calibración/Verificación,3720,D3720,Valor anterior,"100.00 μL (Tol.± 1.60), 500.00 μL (Tol±3.50), 1000.00 μL (Tol. 6.00) ","100.00 μL (Tol.± 1.60), 500.00 μL (Tol±3.50), 1000.00 μL (Tol. 6.00)",format,FMT003,Limpieza de espacios en blanco,1.0,low
AT_instrumentos_original_v2.csv,Calibración/Verificación,3720,E3720,Nuevo valor,"100.00 μL (Tol.± 1.60 µL), 500.00 μL (Tol±3.50 µL), 1000.00 μL (Tol. 6.00 µL) ","100.00 μL (Tol.± 1.60 µL), 500.00 μL (Tol±3.50 µL), 1000.00 μL (Tol. 6.00 µL)",format,FMT003,Limpieza de espacios en blanco,1.0,low
AT_instrumentos_original_v2.csv,Calibración/Verificación,3725,D3725,Valor anterior,"100.00 μL, 1 000.00  μL Tol ± 8.00","100.00 μL, 1 000.00 μL Tol ± 8.00",format,FMT003,Limpieza de espacios en blanco,1.0,low
AT_instrumentos_original_v2.csv,Calibración/Verificación,3725,E3725,Nuevo valor,"100.00 μL, 1 000.00  μL Tol ± 8.00 µL","100.00 μL, 1 000.00 μL Tol ± 8.00 µL",format,FMT003,Limpieza de espacios en blanco,1.0,low
AT_instrumentos_original_v2.csv,Calibración/Verificación,3728,D3728,Valor anterior,"100.00  μL (Tol ±0.90), 500.00  μL (Tol.±3.5), 1000.00  μL (Tol.±6.00)","100.00 μL (Tol ±0.90), 500.00 μL (Tol.±3.5), 1000.00 μL (Tol.±6.00)",format,FMT003,Limpieza de espacios en blanco,1.0,low
AT_instrumentos_original_v2.csv,Calibración/Verificación,3728,E3728,Nuevo valor,"100.00  μL (Tol ±0.90 µL), 500.00  μL (Tol.±3.5 µL), 1000.00  μL (Tol.±6.00 µL)","100.00 μL (Tol ±0.90 µL), 500.00 μL (Tol.±3.5 µL), 1000.00 μL (Tol.±6.00 µL)",format,FMT003,Limpieza de espacios en blanco,1.0,low
AT_instrumentos_original_v2.csv,Calibración/Verificación,3731,D3731,Valor anterior,"Flujo: 28.30 l/min ± 1.42 l/min
Tiempo de muestreo: 60.00 s ± 0.60 s
Eficiencia de conteo: 0.3 μm, 0.5 μm, 1.0 μm, 3.0 μm, 5.0 μm,10.0μm Tol ± 10%","Flujo: 28.30 l/min ± 1.42 l/min Tiempo de muestreo: 60.00 s ± 0.60 s Eficiencia de conteo: 0.3 μm, 0.5 μm, 1.0 μm, 3.0 μm, 5.0 μm,10.0μm Tol ± 10%",format,FMT003,Limpieza de espacios en blanco,1.0,low
AT_instrumentos_original_v2.csv,Calibración/Verificación,3731,E3731,Nuevo valor,"Flujo: 28.30 LPM ± 1.42 LMIN
Tiempo de muestreo: 60.00 s ± 0.60 s
Eficiencia de conteo: 0.3 μm, 0.5 μm, 1.0 μm, 3.0 μm, 5.0 μm,10.0μm Tol ± 10%","Flujo: 28.30 LPM ± 1.42 LMIN Tiempo de muestreo: 60.00 s ± 0.60 s Eficiencia de conteo: 0.3 μm, 0.5 μm, 1.0 μm, 3.0 μm, 5.0 μm,10.0μm Tol ± 10%",format,FMT003,Limpieza de espacios en blanco,1.0,low
AT_instrumentos_original_v2.csv,Calibración/Verificación,3732,D3732,Valor anterior,"Flujo: 28.30 LPM ± 1.42 LMIN
Tiempo de muestreo: 60.00 s ± 0.60 s
Eficiencia de conteo: 0.3 μm, 0.5 μm, 1.0 μm, 3.0 μm, 5.0 μm,10.0μm Tol ± 10%","Flujo: 28.30 LPM ± 1.42 LMIN Tiempo de muestreo: 60.00 s ± 0.60 s Eficiencia de conteo: 0.3 μm, 0.5 μm, 1.0 μm, 3.0 μm, 5.0 μm,10.0μm Tol ± 10%",format,FMT003,Limpieza de espacios en blanco,1.0,low
AT_instrumentos_original_v2.csv,Calibración/Verificación,3732,E3732,Nuevo valor,"Flujo: 28.30 LPM ± 1.42 LPM
Tiempo de muestreo: 60.00 s ± 0.60 s
Eficiencia de conteo: 0.3 μm, 0.5 μm, 1.0 μm, 3.0 μm, 5.0 μm,10.0μm Tol ± 10%","Flujo: 28.30 LPM ± 1.42 LPM Tiempo de muestreo: 60.00 s ± 0.60 s Eficiencia de conteo: 0.3 μm, 0.5 μm, 1.0 μm, 3.0 μm, 5.0 μm,10.0μm Tol ± 10%",format,FMT003,Limpieza de espacios en blanco,1.0,low
AT_instrumentos_original_v2.csv,Calibración/Verificación,3742,E3742,Nuevo valor,"10.000 rpm (Tol±0.102 rpm), 100.00 rpm (Tol±1.02 rpm), 1000.0 rpm (Tol±10.2 rpm), 5000.0 rpm (Tol±50.2 rpm), 10000 rpm (Tol±102 rpm), 15000 rpm (Tol±152 rpm), 20000 rpm (Tol±202 rpm) ","10.000 rpm (Tol±0.102 rpm), 100.00 rpm (Tol±1.02 rpm), 1000.0 rpm (Tol±10.2 rpm), 5000.0 rpm (Tol±50.2 rpm), 10000 rpm (Tol±102 rpm), 15000 rpm (Tol±152 rpm), 20000 rpm (Tol±202 rpm)",format,FMT003,Limpieza de espacios en blanco,1.0,low
AT_instrumentos_original_v2.csv,Calibración/Verificación,3743,D3743,Valor anterior,"10.000 rpm (Tol±0.102 rpm), 100.00 rpm (Tol±1.02 rpm), 1000.0 rpm (Tol±10.2 rpm), 5000.0 rpm (Tol±50.2 rpm), 10000 rpm (Tol±102 rpm), 15000 rpm (Tol±152 rpm), 20000 rpm (Tol±202 rpm) ","10.000 rpm (Tol±0.102 rpm), 100.00 rpm (Tol±1.02 rpm), 1000.0 rpm (Tol±10.2 rpm), 5000.0 rpm (Tol±50.2 rpm), 10000 rpm (Tol±102 rpm), 15000 rpm (Tol±152 rpm), 20000 rpm (Tol±202 rpm)",format,FMT003,Limpieza de espacios en blanco,1.0,low
AT_instrumentos_original_v2.csv,Calibración/Verificación,3744,D3744,Valor anterior,"10.000 rpm (Tol±0.102), 100.00 rpm (Tol±1.02), 1000.0 rpm (Tol±10.2), 5000.0 rpm (Tol±50.2), 10000 rpm (Tol±102), 15000 rpm (Tol±152), 20000 rpm (Tol±202) ","10.000 rpm (Tol±0.102), 100.00 rpm (Tol±1.02), 1000.0 rpm (Tol±10.2), 5000.0 rpm (Tol±50.2), 10000 rpm (Tol±102), 15000 rpm (Tol±152), 20000 rpm (Tol±202)",format,FMT003,Limpieza de espacios en blanco,1.0,low
AT_instrumentos_original_v2.csv,Calibración/Verificación,3744,E3744,Nuevo valor,"10.000 rpm (Tol±0.102 rpm), 100.00 rpm (Tol±1.02 rpm), 1000.0 rpm (Tol±10.2 rpm), 5000.0 rpm (Tol±50.2 rpm), 10000 rpm (Tol±102 rpm), 15000 rpm (Tol±152 rpm), 20000 rpm (Tol±202 rpm) ","10.000 rpm (Tol±0.102 rpm), 100.00 rpm (Tol±1.02 rpm), 1000.0 rpm (Tol±10.2 rpm), 5000.0 rpm (Tol±50.2 rpm), 10000 rpm (Tol±102 rpm), 15000 rpm (Tol±152 rpm), 20000 rpm (Tol±202 rpm)",format,FMT003,Limpieza de espacios en blanco,1.0,low
AT_instrumentos_original_v2.csv,Calibración/Verificación,3748,D3748,Valor anterior,"-8.0°C, 0.0°C, 20.0°C, 40.0°C, 55.0°C Tol ±1.0, ","-8.0°C, 0.0°C, 20.0°C, 40.0°C, 55.0°C Tol ±1.0,",format,FMT003,Limpieza de espacios en blanco,1.0,low
AT_instrumentos_original_v2.csv,Calibración/Verificación,3765,D3765,Valor anterior,"-40°C, -30°C, -20°C, -10°C, 0.0°C, 8°C ± 1.0°C.
10%, 20%, 30%, 40%, 50%, 60%, 70%, 80%, 99% Tol 5.0","-40°C, -30°C, -20°C, -10°C, 0.0°C, 8°C ± 1.0°C. 10%, 20%, 30%, 40%, 50%, 60%, 70%, 80%, 99% Tol 5.0",format,FMT003,Limpieza de espacios en blanco,1.0,low
AT_instrumentos_original_v2.csv,Calibración/Verificación,3765,E3765,Nuevo valor,"-40°C, -30°C, -20°C, -10°C, 0.0°C, 8°C ± 1.0°C.
10%, 20%, 30%, 40%, 50%, 60%, 70%, 80%, 99% Tol 5.0%","-40°C, -30°C, -20°C, -10°C, 0.0°C, 8°C ± 1.0°C. 10%, 20%, 30%, 40%, 50%, 60%, 70%, 80%, 99% Tol 5.0%",format,FMT003,Limpieza de espacios en blanco,1.0,low
AT_instrumentos_original_v2.csv,Calibración/Verificación,3766,D3766,Valor anterior,"-8.0°C, 0.0°C, 20.0°C, 40.0°C, 55.0°C, Tol ± 1.0
15%, 30%, 60%, 80% Tol 6.0%.","-8.0°C, 0.0°C, 20.0°C, 40.0°C, 55.0°C, Tol ± 1.0 15%, 30%, 60%, 80% Tol 6.0%.",format,FMT003,Limpieza de espacios en blanco,1.0,low
AT_instrumentos_original_v2.csv,Calibración/Verificación,3766,E3766,Nuevo valor,"-8.0°C, 0.0°C, 20.0°C, 40.0°C, 55.0°C, Tol ± 1.0°C
15%, 30%, 60%, 80% Tol 6.0%.","-8.0°C, 0.0°C, 20.0°C, 40.0°C, 55.0°C, Tol ± 1.0°C 15%, 30%, 60%, 80% Tol 6.0%.",format,FMT003,Limpieza de espacios en blanco,1.0,low
AT_instrumentos_original_v2.csv,Calibración/Verificación,3767,D3767,Valor anterior,"-8.0°C, 0.0°C, 20.0°C, 40.0°C, 55.0°C, Tol ± 1.0
15%, 30%, 60%, 80% Tol 6.0%.","-8.0°C, 0.0°C, 20.0°C, 40.0°C, 55.0°C, Tol ± 1.0 15%, 30%, 60%, 80% Tol 6.0%.",format,FMT003,Limpieza de espacios en blanco,1.0,low
AT_instrumentos_original_v2.csv,Calibración/Verificación,3767,E3767,Nuevo valor,"-8.0°C, 0.0°C, 20.0°C, 40.0°C, 55.0°C, Tol ± 1.0°C
15%, 30%, 60%, 80% Tol 6.0%.","-8.0°C, 0.0°C, 20.0°C, 40.0°C, 55.0°C, Tol ± 1.0°C 15%, 30%, 60%, 80% Tol 6.0%.",format,FMT003,Limpieza de espacios en blanco,1.0,low
AT_instrumentos_original_v2.csv,Calibración/Verificación,3798,E3798,Nuevo valor,"-8.0°C, 20.0°C, 40.0°C, 55.0°C Tol ±1.0°C ","-8.0°C, 20.0°C, 40.0°C, 55.0°C Tol ±1.0°C",format,FMT003,Limpieza de espacios en blanco,1.0,low
AT_instrumentos_original_v2.csv,Calibración/Verificación,3816,D3816,Valor anterior,"0.00°C (Tol ±1.5), 25.00°C (Tol ±1.5), 50.00°C (Tol ±1.5), 75.00°C (Tol ±1.5), 100.00°C (Tol ±1.5), 250.0°C (Tol ±3.5), 500.00°C(Tol ±3.5) ","0.00°C (Tol ±1.5), 25.00°C (Tol ±1.5), 50.00°C (Tol ±1.5), 75.00°C (Tol ±1.5), 100.00°C (Tol ±1.5), 250.0°C (Tol ±3.5), 500.00°C(Tol ±3.5)",format,FMT003,Limpieza de espacios en blanco,1.0,low
AT_instrumentos_original_v2.csv,Calibración/Verificación,3816,E3816,Nuevo valor,"0.00°C (Tol ±1.5°C), 25.00°C (Tol ±1.5°C), 50.00°C (Tol ±1.5°C), 75.00°C (Tol ±1.5°C), 100.00°C (Tol ±1.5°C), 250.0°C (Tol ±3.5°C), 500.00°C(Tol ±3.5°C) ","0.00°C (Tol ±1.5°C), 25.00°C (Tol ±1.5°C), 50.00°C (Tol ±1.5°C), 75.00°C (Tol ±1.5°C), 100.00°C (Tol ±1.5°C), 250.0°C (Tol ±3.5°C), 500.00°C(Tol ±3.5°C)",format,FMT003,Limpieza de espacios en blanco,1.0,low
AT_instrumentos_original_v2.csv,Calibración/Verificación,3817,E3817,Nuevo valor,"0.0°C, 25.0°C, 50.0°C, 75.0°C, 100.0°C Tol ± 1.5°C
 250°C, 500°C Tol ± 3.5°C.","0.0°C, 25.0°C, 50.0°C, 75.0°C, 100.0°C Tol ± 1.5°C 250°C, 500°C Tol ± 3.5°C.",format,FMT003,Limpieza de espacios en blanco,1.0,low
AT_instrumentos_original_v2.csv,Calibración/Verificación,3885,D3885,Valor anterior,"Negativo
0.00, 0.05, 0.10, 0.15, 0.20, 0.25 InH2O ±0.005 InH2O
Positivo
0.00, 0.05, 0.10, 0.15, 0.20, 0.25 InH2O ±0.005 InH2O","Negativo 0.00, 0.05, 0.10, 0.15, 0.20, 0.25 InH2O ±0.005 InH2O Positivo 0.00, 0.05, 0.10, 0.15, 0.20, 0.25 InH2O ±0.005 InH2O",format,FMT003,Limpieza de espacios en blanco,1.0,low
AT_instrumentos_original_v2.csv,Calibración/Verificación,3885,E3885,Nuevo valor,"Negativo
0.00, 0.05, 0.10, 0.15, 0.20, 0.25 InH2O ±0.01 InH2O
Positivo
0.00, 0.05, 0.10, 0.15, 0.20, 0.25 InH2O ±0.01 InH2O","Negativo 0.00, 0.05, 0.10, 0.15, 0.20, 0.25 InH2O ±0.01 InH2O Positivo 0.00, 0.05, 0.10, 0.15, 0.20, 0.25 InH2O ±0.01 InH2O",format,FMT003,Limpieza de espacios en blanco,1.0,low
AT_instrumentos_original_v2.csv,Calibración/Verificación,3886,D3886,Valor anterior,"Negativo
0.00, 0.05, 0.10, 0.15, 0.20, 0.25 InH2O ±0.005 InH2O
Positivo
0.00, 0.05, 0.10, 0.15, 0.20, 0.25 InH2O ±0.005 InH2O","Negativo 0.00, 0.05, 0.10, 0.15, 0.20, 0.25 InH2O ±0.005 InH2O Positivo 0.00, 0.05, 0.10, 0.15, 0.20, 0.25 InH2O ±0.005 InH2O",format,FMT003,Limpieza de espacios en blanco,1.0,low
AT_instrumentos_original_v2.csv,Calibración/Verificación,3886,E3886,Nuevo valor,"Negativo
0.00, 0.05, 0.10, 0.15, 0.20, 0.25 InH2O ±0.01 InH2O
Positivo
0.00, 0.05, 0.10, 0.15, 0.20, 0.25 InH2O ±0.01 InH2O","Negativo 0.00, 0.05, 0.10, 0.15, 0.20, 0.25 InH2O ±0.01 InH2O Positivo 0.00, 0.05, 0.10, 0.15, 0.20, 0.25 InH2O ±0.01 InH2O",format,FMT003,Limpieza de espacios en blanco,1.0,low
AT_instrumentos_original_v2.csv,Calibración/Verificación,3887,D3887,Valor anterior,"Negativo
0.00, 0.05, 0.10, 0.15, 0.20, 0.25 InH2O ±0.005 InH2O
Positivo
0.00, 0.05, 0.10, 0.15, 0.20, 0.25 InH2O ±0.005 InH2O","Negativo 0.00, 0.05, 0.10, 0.15, 0.20, 0.25 InH2O ±0.005 InH2O Positivo 0.00, 0.05, 0.10, 0.15, 0.20, 0.25 InH2O ±0.005 InH2O",format,FMT003,Limpieza de espacios en blanco,1.0,low
AT_instrumentos_original_v2.csv,Calibración/Verificación,3887,E3887,Nuevo valor,"Negativo
0.00, 0.05, 0.10, 0.15, 0.20, 0.25 InH2O ±0.01 InH2O
Positivo
0.00, 0.05, 0.10, 0.15, 0.20, 0.25 InH2O ±0.01 InH2O","Negativo 0.00, 0.05, 0.10, 0.15, 0.20, 0.25 InH2O ±0.01 InH2O Positivo 0.00, 0.05, 0.10, 0.15, 0.20, 0.25 InH2O ±0.01 InH2O",format,FMT003,Limpieza de espacios en blanco,1.0,low
AT_instrumentos_original_v2.csv,Calibración/Verificación,3888,D3888,Valor anterior,"Negativo
0.00, 0.05, 0.10, 0.15, 0.20, 0.25 InH2O ±0.005 InH2O
Positivo
0.00, 0.05, 0.10, 0.15, 0.20, 0.25 InH2O ±0.005 InH2O","Negativo 0.00, 0.05, 0.10, 0.15, 0.20, 0.25 InH2O ±0.005 InH2O Positivo 0.00, 0.05, 0.10, 0.15, 0.20, 0.25 InH2O ±0.005 InH2O",format,FMT003,Limpieza de espacios en blanco,1.0,low
AT_instrumentos_original_v2.csv,Calibración/Verificación,3888,E3888,Nuevo valor,"Negativo
0.00, 0.05, 0.10, 0.15, 0.20, 0.25 InH2O ±0.01 InH2O
Positivo
0.00, 0.05, 0.10, 0.15, 0.20, 0.25 InH2O ±0.01 InH2O","Negativo 0.00, 0.05, 0.10, 0.15, 0.20, 0.25 InH2O ±0.01 InH2O Positivo 0.00, 0.05, 0.10, 0.15, 0.20, 0.25 InH2O ±0.01 InH2O",format,FMT003,Limpieza de espacios en blanco,1.0,low
AT_instrumentos_original_v2.csv,Calibración/Verificación,3889,D3889,Valor anterior,"Negativo
0.00, 0.05, 0.10, 0.15, 0.20, 0.25 InH2O ±0.005 InH2O
Positivo
0.00, 0.05, 0.10, 0.15, 0.20, 0.25 InH2O ±0.005 InH2O","Negativo 0.00, 0.05, 0.10, 0.15, 0.20, 0.25 InH2O ±0.005 InH2O Positivo 0.00, 0.05, 0.10, 0.15, 0.20, 0.25 InH2O ±0.005 InH2O",format,FMT003,Limpieza de espacios en blanco,1.0,low
AT_instrumentos_original_v2.csv,Calibración/Verificación,3889,E3889,Nuevo valor,"Negativo
0.00, 0.05, 0.10, 0.15, 0.20, 0.25 InH2O ±0.01 InH2O
Positivo
0.00, 0.05, 0.10, 0.15, 0.20, 0.25 InH2O ±0.01 InH2O","Negativo 0.00, 0.05, 0.10, 0.15, 0.20, 0.25 InH2O ±0.01 InH2O Positivo 0.00, 0.05, 0.10, 0.15, 0.20, 0.25 InH2O ±0.01 InH2O",format,FMT003,Limpieza de espacios en blanco,1.0,low
AT_instrumentos_original_v2.csv,Calibración/Verificación,3890,D3890,Valor anterior,"Negativo
0.00, 0.05, 0.10, 0.15, 0.20, 0.25 InH2O ±0.005 InH2O
Positivo
0.00, 0.05, 0.10, 0.15, 0.20, 0.25 InH2O ±0.005 InH2O","Negativo 0.00, 0.05, 0.10, 0.15, 0.20, 0.25 InH2O ±0.005 InH2O Positivo 0.00, 0.05, 0.10, 0.15, 0.20, 0.25 InH2O ±0.005 InH2O",format,FMT003,Limpieza de espacios en blanco,1.0,low
AT_instrumentos_original_v2.csv,Calibración/Verificación,3890,E3890,Nuevo valor,"Negativo
0.00, 0.05, 0.10, 0.15, 0.20, 0.25 InH2O ±0.01 InH2O
Positivo
0.00, 0.05, 0.10, 0.15, 0.20, 0.25 InH2O ±0.01 InH2O","Negativo 0.00, 0.05, 0.10, 0.15, 0.20, 0.25 InH2O ±0.01 InH2O Positivo 0.00, 0.05, 0.10, 0.15, 0.20, 0.25 InH2O ±0.01 InH2O",format,FMT003,Limpieza de espacios en blanco,1.0,low
AT_instrumentos_original_v2.csv,Calibración/Verificación,3891,D3891,Valor anterior,"Negativo
0.00, 0.05, 0.10, 0.15, 0.20, 0.25 InH2O ±0.005 InH2O
Positivo
0.00, 0.05, 0.10, 0.15, 0.20, 0.25 InH2O ±0.005 InH2O","Negativo 0.00, 0.05, 0.10, 0.15, 0.20, 0.25 InH2O ±0.005 InH2O Positivo 0.00, 0.05, 0.10, 0.15, 0.20, 0.25 InH2O ±0.005 InH2O",format,FMT003,Limpieza de espacios en blanco,1.0,low
AT_instrumentos_original_v2.csv,Calibración/Verificación,3891,E3891,Nuevo valor,"Negativo
0.00, 0.05, 0.10, 0.15, 0.20, 0.25 InH2O ±0.01 InH2O
Positivo
0.00, 0.05, 0.10, 0.15, 0.20, 0.25 InH2O ±0.01 InH2O","Negativo 0.00, 0.05, 0.10, 0.15, 0.20, 0.25 InH2O ±0.01 InH2O Positivo 0.00, 0.05, 0.10, 0.15, 0.20, 0.25 InH2O ±0.01 InH2O",format,FMT003,Limpieza de espacios en blanco,1.0,low
AT_instrumentos_original_v2.csv,Calibración/Verificación,3892,D3892,Valor anterior,"Negativo
0.00, 0.05, 0.10, 0.15, 0.20, 0.25 InH2O ±0.005 InH2O
Positivo
0.00, 0.05, 0.10, 0.15, 0.20, 0.25 InH2O ±0.005 InH2O","Negativo 0.00, 0.05, 0.10, 0.15, 0.20, 0.25 InH2O ±0.005 InH2O Positivo 0.00, 0.05, 0.10, 0.15, 0.20, 0.25 InH2O ±0.005 InH2O",format,FMT003,Limpieza de espacios en blanco,1.0,low
AT_instrumentos_original_v2.csv,Calibración/Verificación,3892,E3892,Nuevo valor,"Negativo
0.00, 0.05, 0.10, 0.15, 0.20, 0.25 InH2O ±0.01 InH2O
Positivo
0.00, 0.05, 0.10, 0.15, 0.20, 0.25 InH2O ±0.01 InH2O","Negativo 0.00, 0.05, 0.10, 0.15, 0.20, 0.25 InH2O ±0.01 InH2O Positivo 0.00, 0.05, 0.10, 0.15, 0.20, 0.25 InH2O ±0.01 InH2O",format,FMT003,Limpieza de espacios en blanco,1.0,low
AT_instrumentos_original_v2.csv,Calibración/Verificación,3893,D3893,Valor anterior,"Negativo
0.00, 0.05, 0.10, 0.15, 0.20, 0.25 InH2O ±0.005 InH2O
Positivo
0.00, 0.05, 0.10, 0.15, 0.20, 0.25 InH2O ±0.005 InH2O","Negativo 0.00, 0.05, 0.10, 0.15, 0.20, 0.25 InH2O ±0.005 InH2O Positivo 0.00, 0.05, 0.10, 0.15, 0.20, 0.25 InH2O ±0.005 InH2O",format,FMT003,Limpieza de espacios en blanco,1.0,low
AT_instrumentos_original_v2.csv,Calibración/Verificación,3893,E3893,Nuevo valor,"Negativo
0.00, 0.05, 0.10, 0.15, 0.20, 0.25 InH2O ±0.01 InH2O
Positivo
0.00, 0.05, 0.10, 0.15, 0.20, 0.25 InH2O ±0.01 InH2O","Negativo 0.00, 0.05, 0.10, 0.15, 0.20, 0.25 InH2O ±0.01 InH2O Positivo 0.00, 0.05, 0.10, 0.15, 0.20, 0.25 InH2O ±0.01 InH2O",format,FMT003,Limpieza de espacios en blanco,1.0,low
AT_instrumentos_original_v2.csv,Calibración/Verificación,3894,D3894,Valor anterior,"Negativo
0.00, 0.05, 0.10, 0.15, 0.20, 0.25 InH2O ±0.005 InH2O
Positivo
0.00, 0.05, 0.10, 0.15, 0.20, 0.25 InH2O ±0.005 InH2O","Negativo 0.00, 0.05, 0.10, 0.15, 0.20, 0.25 InH2O ±0.005 InH2O Positivo 0.00, 0.05, 0.10, 0.15, 0.20, 0.25 InH2O ±0.005 InH2O",format,FMT003,Limpieza de espacios en blanco,1.0,low
AT_instrumentos_original_v2.csv,Calibración/Verificación,3894,E3894,Nuevo valor,"Negativo
0.00, 0.05, 0.10, 0.15, 0.20, 0.25 InH2O ±0.01 InH2O
Positivo
0.00, 0.05, 0.10, 0.15, 0.20, 0.25 InH2O ±0.01 InH2O","Negativo 0.00, 0.05, 0.10, 0.15, 0.20, 0.25 InH2O ±0.01 InH2O Positivo 0.00, 0.05, 0.10, 0.15, 0.20, 0.25 InH2O ±0.01 InH2O",format,FMT003,Limpieza de espacios en blanco,1.0,low
AT_instrumentos_original_v2.csv,Calibración/Verificación,3898,D3898,Valor anterior,"DC Voltage 0.00 V Tol ± 0.50V, 10.0 V Tol.  ±0.6V, 100.0 V Tol ±1.5V, 600.0 V Tol ±6.5V
AC Voltage @ 60 Hz 0.00 V Tol ± 0.50, 10.0 V Tol ± 0.7V, 100.0 V Tol ±2.0V, 600.0 V Tol ±9.5V / 
Resistance 0.0 Ω Tol ± 0.5Ω, 100.0 Ω Tol ±1.5Ω, 400.0 Ω Tol ±4.5Ω, 1000 Ω Tol ±15Ω, 4000 Ω Tol ±45Ω / 
DC current 0.00A ± 0.05A, 10.00 A Tol ±0.25A, 40.00 A Tol ±0.85A, 100.0 A Tol ±2.5A, 400.0 A Tol ±8.5A /
AC current @60 Hz 10.00A Tol±0.25A, 40.00A Tol±0.85A, 100.0A Tol±2.5A, 400.0A Tol ±8.5A.  
Temperatua de 15°C a 70°C (tolerancia asignada por el proveedor), Capacitancia de 50 a 500 microfararios (tolerancia asignada por el proveedor).","DC Voltage 0.00 V Tol ± 0.50V, 10.0 V Tol. ±0.6V, 100.0 V Tol ±1.5V, 600.0 V Tol ±6.5V AC Voltage @ 60 Hz 0.00 V Tol ± 0.50, 10.0 V Tol ± 0.7V, 100.0 V Tol ±2.0V, 600.0 V Tol ±9.5V / Resistance 0.0 Ω Tol ± 0.5Ω, 100.0 Ω Tol ±1.5Ω, 400.0 Ω Tol ±4.5Ω, 1000 Ω Tol ±15Ω, 4000 Ω Tol ±45Ω / DC current 0.00A ± 0.05A, 10.00 A Tol ±0.25A, 40.00 A Tol ±0.85A, 100.0 A Tol ±2.5A, 400.0 A Tol ±8.5A / AC current @60 Hz 10.00A Tol±0.25A, 40.00A Tol±0.85A, 100.0A Tol±2.5A, 400.0A Tol ±8.5A. Temperatua de 15°C a 70°C (tolerancia asignada por el proveedor), Capacitancia de 50 a 500 microfararios (tolerancia asignada por el proveedor).",format,FMT003,Limpieza de espacios en blanco,1.0,low
AT_instrumentos_original_v2.csv,Calibración/Verificación,3898,E3898,Nuevo valor,"DC Voltage 0.00 V Tol ± 0.50V, 10.0 V Tol.  ±0.6V, 100.0 V Tol ±1.5V, 600.0 V Tol ±6.5V
AC Voltage @ 60 Hz 0.00 V Tol ± 0.50, 10.0 V Tol ± 0.7V, 100.0 V Tol ±2.0V, 600.0 V Tol ±9.5V / 
Resistance 0.0 Ω Tol ± 0.5Ω, 100.0 Ω Tol ±1.5Ω, 400.0 Ω Tol ±4.5Ω, 1000 Ω Tol ±15Ω, 4000 Ω Tol ±45Ω / 
DC current 0.00A ± 0.05A, 10.00 A Tol ±0.25A, 40.00 A Tol ±0.85A, 100.0 A Tol ±2.5A, 400.0 A Tol ±8.5A /
AC current @60 Hz 10.00A Tol±0.25A, 40.00A Tol±0.85A, 100.0A Tol±2.5A, 400.0A Tol ±8.5A.  
Temperatua de 15°C a 70°C (tolerancia asignada por el proveedor), Capacitancia de 50 a 500 microfararios (tolerancia establecida por el proveedor).","DC Voltage 0.00 V Tol ± 0.50V, 10.0 V Tol. ±0.6V, 100.0 V Tol ±1.5V, 600.0 V Tol ±6.5V AC Voltage @ 60 Hz 0.00 V Tol ± 0.50, 10.0 V Tol ± 0.7V, 100.0 V Tol ±2.0V, 600.0 V Tol ±9.5V / Resistance 0.0 Ω Tol ± 0.5Ω, 100.0 Ω Tol ±1.5Ω, 400.0 Ω Tol ±4.5Ω, 1000 Ω Tol ±15Ω, 4000 Ω Tol ±45Ω / DC current 0.00A ± 0.05A, 10.00 A Tol ±0.25A, 40.00 A Tol ±0.85A, 100.0 A Tol ±2.5A, 400.0 A Tol ±8.5A / AC current @60 Hz 10.00A Tol±0.25A, 40.00A Tol±0.85A, 100.0A Tol±2.5A, 400.0A Tol ±8.5A. Temperatua de 15°C a 70°C (tolerancia asignada por el proveedor), Capacitancia de 50 a 500 microfararios (tolerancia establecida por el proveedor).",format,FMT003,Limpieza de espacios en blanco,1.0,low
AT_instrumentos_original_v2.csv,SBL-LM-08,3904,D3904,Valor anterior,Fabricación ,Fabricación,format,FMT003,Limpieza de espacios en blanco,1.0,low
AT_instrumentos_original_v2.csv,Calibración/Verificación,3923,E3923,Nuevo valor,"Estándar KF: 0.01%,  1% y 15.6%","Estándar KF: 0.01%, 1% y 15.6%",format,FMT003,Limpieza de espacios en blanco,1.0,low
AT_instrumentos_original_v2.csv,SBL-LM-08,4091,E4091,Nuevo valor,HANNA instruments,HANNA Instruments,homologation,HOM002,Estandarización de nombres de marcas,0.9,medium
AT_instrumentos_original_v2.csv,Calibración/Verificación,4113,D4113,Valor anterior,"0.1 mg, 50.0 mg, 75.0 mg Tol±0.2 mg, 
1.0000 g, 5.0000 g, 10.0000 g, 50.0000 g, 100.0000 g, 120.0000 g. Tol ±0.0001 g","0.1 mg, 50.0 mg, 75.0 mg Tol±0.2 mg, 1.0000 g, 5.0000 g, 10.0000 g, 50.0000 g, 100.0000 g, 120.0000 g. Tol ±0.0001 g",format,FMT003,Limpieza de espacios en blanco,1.0,low
AT_instrumentos_original_v2.csv,Calibración/Verificación,4113,E4113,Nuevo valor,"0.0 mg, 1.0 mg, 50.0 mg, 75.0 mg Tol. ± 0.2 mg, 
1.0000 g, 5.0000 g, 10.0000 g, 50.0000 g, 100.0000 g, 120.0000 g. Tol. ± 0.0001 g","0.0 mg, 1.0 mg, 50.0 mg, 75.0 mg Tol. ± 0.2 mg, 1.0000 g, 5.0000 g, 10.0000 g, 50.0000 g, 100.0000 g, 120.0000 g. Tol. ± 0.0001 g",format,FMT003,Limpieza de espacios en blanco,1.0,low
AT_instrumentos_original_v2.csv,Calibración/Verificación,4114,E4114,Nuevo valor,"0.0 mg, 1.0 mg, 50.0 mg, 200.0 mg Tol. ± 0.2 mg, 
1.0000 g, 10.0000 g, 20.0000 g, 100.0000 g, 220.0000 g. Tol. ± 0.0002 g","0.0 mg, 1.0 mg, 50.0 mg, 200.0 mg Tol. ± 0.2 mg, 1.0000 g, 10.0000 g, 20.0000 g, 100.0000 g, 220.0000 g. Tol. ± 0.0002 g",format,FMT003,Limpieza de espacios en blanco,1.0,low
AT_instrumentos_original_v2.csv,Calibración/Verificación,4249,E4249,Nuevo valor,"Baja: 02-Jul-25
vrodriguez 03-Jul-25",Baja: 02-Jul-25 vrodriguez 03-Jul-25,format,FMT003,Limpieza de espacios en blanco,1.0,low
AT_instrumentos_original_v2.csv,Calibración/Verificación,4538,E4538,Nuevo valor,"Rechazado en calibración vrodriguez 21-May-25
Baja: 22-Jul-25",Rechazado en calibración vrodriguez 21-May-25 Baja: 22-Jul-25,format,FMT003,Limpieza de espacios en blanco,1.0,low
AT_instrumentos_original_v2.csv,Calibración/Verificación,4539,D4539,Valor anterior,"Rechazado en calibración vrodriguez 21-May-25
Baja: 22-Jul-25",Rechazado en calibración vrodriguez 21-May-25 Baja: 22-Jul-25,format,FMT003,Limpieza de espacios en blanco,1.0,low
AT_instrumentos_original_v2.csv,Calibración/Verificación,4539,E4539,Nuevo valor,"Rechazado en calibración vrodriguez 21-May-25
Baja: 22-Jul-25 vrodriguez 22-Jul-25",Rechazado en calibración vrodriguez 21-May-25 Baja: 22-Jul-25 vrodriguez 22-Jul-25,format,FMT003,Limpieza de espacios en blanco,1.0,low
AT_instrumentos_original_v2.csv,Calibración/Verificación,4540,D4540,Valor anterior,"Rechazado en calibración vrodriguez 21-May-25
Baja: 22-Jul-25 vrodriguez 22-Jul-25",Rechazado en calibración vrodriguez 21-May-25 Baja: 22-Jul-25 vrodriguez 22-Jul-25,format,FMT003,Limpieza de espacios en blanco,1.0,low
AT_instrumentos_original_v2.csv,Calibración/Verificación,4540,E4540,Nuevo valor,"Rechazado en calibración vrodriguez 21-May-25
Baja: 22-Jul-25 vrodriguez 22-Jul-25",Rechazado en calibración vrodriguez 21-May-25 Baja: 22-Jul-25 vrodriguez 22-Jul-25,format,FMT003,Limpieza de espacios en blanco,1.0,low
AT_instrumentos_original_v2.csv,Calibración/Verificación,4573,E4573,Nuevo valor,"Temperatura  0.0ºC, 20.0ºC, 40.0ºC, 55ºC Tol ± 1.0
Humedad 15%, 30%, 60%, 80% Tol ±6%","Temperatura 0.0ºC, 20.0ºC, 40.0ºC, 55ºC Tol ± 1.0 Humedad 15%, 30%, 60%, 80% Tol ±6%",format,FMT003,Limpieza de espacios en blanco,1.0,low
AT_instrumentos_original_v2.csv,Calibración/Verificación,4734,E4734,Nuevo valor,"Temperatura: 0.0°C, 10.0°C, 20.0°C, 35.0°C, 40°C, 50°C ± 1.0°C
Humedad relativa:  35.0%, 45.0%, 65.0%,75.0%, 80.0% ± 2.0%","Temperatura: 0.0°C, 10.0°C, 20.0°C, 35.0°C, 40°C, 50°C ± 1.0°C Humedad relativa: 35.0%, 45.0%, 65.0%,75.0%, 80.0% ± 2.0%",format,FMT003,Limpieza de espacios en blanco,1.0,low
AT_instrumentos_original_v2.csv,Calibración/Verificación,4739,E4739,Nuevo valor,"Temperatura: 0.0°C, 10.0°C, 20.0°C, 35.0°C, 40°C, 50°C ± 1.0°C
Humedad relativa:  35.0%, 45.0%, 65.0%,75.0%, 80.0% ± 2.0%","Temperatura: 0.0°C, 10.0°C, 20.0°C, 35.0°C, 40°C, 50°C ± 1.0°C Humedad relativa: 35.0%, 45.0%, 65.0%,75.0%, 80.0% ± 2.0%",format,FMT003,Limpieza de espacios en blanco,1.0,low
AT_instrumentos_original_v2.csv,Calibración/Verificación,4742,E4742,Nuevo valor,"Temperatura: 0.0°C, 10.0°C, 20.0°C, 35.0°C, 40°C, 50°C ± 1.0°C
Humedad relativa:  35.0%, 45.0%, 65.0%,75.0%, 80.0% ± 2.0%","Temperatura: 0.0°C, 10.0°C, 20.0°C, 35.0°C, 40°C, 50°C ± 1.0°C Humedad relativa: 35.0%, 45.0%, 65.0%,75.0%, 80.0% ± 2.0%",format,FMT003,Limpieza de espacios en blanco,1.0,low
AT_instrumentos_original_v2.csv,Calibración/Verificación,4743,D4743,Valor anterior,"Humedad relativa:  35.0%, 45.0%, 65.0%,75.0%, 80.0% ± 2.0%","Humedad relativa: 35.0%, 45.0%, 65.0%,75.0%, 80.0% ± 2.0%",format,FMT003,Limpieza de espacios en blanco,1.0,low
AT_instrumentos_original_v2.csv,Calibración/Verificación,4743,E4743,Nuevo valor,"Temperatura: 0.0°C, 10.0°C, 20.0°C, 35.0°C, 40°C, 50°C ± 1.0°C
Humedad relativa:  35.0%, 45.0%, 65.0%,75.0%, 80.0% ± 2.0%","Temperatura: 0.0°C, 10.0°C, 20.0°C, 35.0°C, 40°C, 50°C ± 1.0°C Humedad relativa: 35.0%, 45.0%, 65.0%,75.0%, 80.0% ± 2.0%",format,FMT003,Limpieza de espacios en blanco,1.0,low
AT_instrumentos_original_v2.csv,Calibración/Verificación,4753,E4753,Nuevo valor,"Temperatura: 0.0°C, 10.0°C, 20.0°C, 35.0°C, 40°C, 50°C ± 1.0°C
Humedad relativa:  35.0%, 45.0%, 65.0%,75.0%, 80.0% ± 2.0%","Temperatura: 0.0°C, 10.0°C, 20.0°C, 35.0°C, 40°C, 50°C ± 1.0°C Humedad relativa: 35.0%, 45.0%, 65.0%,75.0%, 80.0% ± 2.0%",format,FMT003,Limpieza de espacios en blanco,1.0,low
AT_instrumentos_original_v2.csv,Calibración/Verificación,4755,E4755,Nuevo valor,"Temperatura: 0.0°C, 10.0°C, 20.0°C, 35.0°C, 40°C, 50°C ± 1.0°C
Humedad relativa:  35.0%, 45.0%, 65.0%,75.0%, 80.0% ± 2.0%","Temperatura: 0.0°C, 10.0°C, 20.0°C, 35.0°C, 40°C, 50°C ± 1.0°C Humedad relativa: 35.0%, 45.0%, 65.0%,75.0%, 80.0% ± 2.0%",format,FMT003,Limpieza de espacios en blanco,1.0,low
AT_instrumentos_original_v2.csv,Calibración/Verificación,4756,D4756,Valor anterior,"Humedad relativa:  35.0%, 45.0%, 65.0%,75.0%, 80.0% ± 2.0%","Humedad relativa: 35.0%, 45.0%, 65.0%,75.0%, 80.0% ± 2.0%",format,FMT003,Limpieza de espacios en blanco,1.0,low
AT_instrumentos_original_v2.csv,Calibración/Verificación,4756,E4756,Nuevo valor,"Temperatura: 0.0°C, 10.0°C, 20.0°C, 35.0°C, 40°C, 50°C ± 1.0°C
Humedad relativa:  35.0%, 45.0%, 65.0%,75.0%, 80.0% ± 2.0%","Temperatura: 0.0°C, 10.0°C, 20.0°C, 35.0°C, 40°C, 50°C ± 1.0°C Humedad relativa: 35.0%, 45.0%, 65.0%,75.0%, 80.0% ± 2.0%",format,FMT003,Limpieza de espacios en blanco,1.0,low
AT_instrumentos_original_v2.csv,Calibración/Verificación,4757,E4757,Nuevo valor,"Temperatura: 0.0°C, 10.0°C, 20.0°C, 35.0°C, 40°C, 50°C ± 1.0°C
Humedad relativa:  35.0%, 45.0%, 65.0%,75.0%, 80.0% ± 2.0%","Temperatura: 0.0°C, 10.0°C, 20.0°C, 35.0°C, 40°C, 50°C ± 1.0°C Humedad relativa: 35.0%, 45.0%, 65.0%,75.0%, 80.0% ± 2.0%",format,FMT003,Limpieza de espacios en blanco,1.0,low
AT_instrumentos_original_v2.csv,Calibración/Verificación,4758,E4758,Nuevo valor,"Temperatura: 0.0°C, 10.0°C, 20.0°C, 35.0°C, 40°C, 50°C ± 1.0°C
Humedad relativa:  35.0%, 45.0%, 65.0%,75.0%, 80.0% ± 2.0%","Temperatura: 0.0°C, 10.0°C, 20.0°C, 35.0°C, 40°C, 50°C ± 1.0°C Humedad relativa: 35.0%, 45.0%, 65.0%,75.0%, 80.0% ± 2.0%",format,FMT003,Limpieza de espacios en blanco,1.0,low
AT_instrumentos_original_v2.csv,Calibración/Verificación,4759,E4759,Nuevo valor,"Temperatura: 0.0°C, 10.0°C, 20.0°C, 35.0°C, 40°C, 50°C ± 1.0°C
Humedad relativa:  35.0%, 45.0%, 65.0%,75.0%, 80.0% ± 2.0%","Temperatura: 0.0°C, 10.0°C, 20.0°C, 35.0°C, 40°C, 50°C ± 1.0°C Humedad relativa: 35.0%, 45.0%, 65.0%,75.0%, 80.0% ± 2.0%",format,FMT003,Limpieza de espacios en blanco,1.0,low
AT_instrumentos_original_v2.csv,Calibración/Verificación,4760,E4760,Nuevo valor,"Temperatura: 0.0°C, 10.0°C, 20.0°C, 35.0°C, 40°C, 50°C ± 1.0°C
Humedad relativa:  35.0%, 45.0%, 65.0%,75.0%, 80.0% ± 2.0%","Temperatura: 0.0°C, 10.0°C, 20.0°C, 35.0°C, 40°C, 50°C ± 1.0°C Humedad relativa: 35.0%, 45.0%, 65.0%,75.0%, 80.0% ± 2.0%",format,FMT003,Limpieza de espacios en blanco,1.0,low
AT_instrumentos_original_v2.csv,Calibración/Verificación,4768,E4768,Nuevo valor,"Temperatura: 0.0°C, 10.0°C, 20.0°C, 35.0°C, 40°C, 50°C ± 1.0°C
Humedad relativa:  35.0%, 45.0%, 65.0%,75.0%, 80.0% ± 2.0%","Temperatura: 0.0°C, 10.0°C, 20.0°C, 35.0°C, 40°C, 50°C ± 1.0°C Humedad relativa: 35.0%, 45.0%, 65.0%,75.0%, 80.0% ± 2.0%",format,FMT003,Limpieza de espacios en blanco,1.0,low
AT_instrumentos_original_v2.csv,Calibración/Verificación,4769,E4769,Nuevo valor,"Temperatura: 0.0°C, 10.0°C, 20.0°C, 35.0°C, 40°C, 50°C ± 1.0°C
Humedad relativa:  35.0%, 45.0%, 65.0%,75.0%, 80.0% ± 2.0%","Temperatura: 0.0°C, 10.0°C, 20.0°C, 35.0°C, 40°C, 50°C ± 1.0°C Humedad relativa: 35.0%, 45.0%, 65.0%,75.0%, 80.0% ± 2.0%",format,FMT003,Limpieza de espacios en blanco,1.0,low
AT_instrumentos_original_v2.csv,Calibración/Verificación,4770,E4770,Nuevo valor,"Temperatura: 0.0°C, 10.0°C, 20.0°C, 35.0°C, 40°C, 50°C ± 1.0°C
Humedad relativa:  35.0%, 45.0%, 65.0%,75.0%, 80.0% ± 2.0%","Temperatura: 0.0°C, 10.0°C, 20.0°C, 35.0°C, 40°C, 50°C ± 1.0°C Humedad relativa: 35.0%, 45.0%, 65.0%,75.0%, 80.0% ± 2.0%",format,FMT003,Limpieza de espacios en blanco,1.0,low
AT_instrumentos_original_v2.csv,Calibración/Verificación,4771,E4771,Nuevo valor,"Temperatura: 0.0°C, 10.0°C, 20.0°C, 35.0°C, 40°C, 50°C ± 1.0°C
Humedad relativa:  35.0%, 45.0%, 65.0%,75.0%, 80.0% ± 2.0%","Temperatura: 0.0°C, 10.0°C, 20.0°C, 35.0°C, 40°C, 50°C ± 1.0°C Humedad relativa: 35.0%, 45.0%, 65.0%,75.0%, 80.0% ± 2.0%",format,FMT003,Limpieza de espacios en blanco,1.0,low
AT_instrumentos_original_v2.csv,Calibración/Verificación,4772,E4772,Nuevo valor,"Temperatura: 0.0°C, 10.0°C, 20.0°C, 35.0°C, 40°C, 50°C ± 1.0°C
Humedad relativa:  35.0%, 45.0%, 65.0%,75.0%, 80.0% ± 2.0%","Temperatura: 0.0°C, 10.0°C, 20.0°C, 35.0°C, 40°C, 50°C ± 1.0°C Humedad relativa: 35.0%, 45.0%, 65.0%,75.0%, 80.0% ± 2.0%",format,FMT003,Limpieza de espacios en blanco,1.0,low
AT_instrumentos_original_v2.csv,Calibración/Verificación,4773,E4773,Nuevo valor,"Temperatura: 0.0°C, 10.0°C, 20.0°C, 35.0°C, 40°C, 50°C ± 1.0°C
Humedad relativa:  35.0%, 45.0%, 65.0%,75.0%, 80.0% ± 2.0%","Temperatura: 0.0°C, 10.0°C, 20.0°C, 35.0°C, 40°C, 50°C ± 1.0°C Humedad relativa: 35.0%, 45.0%, 65.0%,75.0%, 80.0% ± 2.0%",format,FMT003,Limpieza de espacios en blanco,1.0,low
AT_instrumentos_original_v2.csv,Calibración/Verificación,4774,E4774,Nuevo valor,"Temperatura: 0.0°C, 10.0°C, 20.0°C, 35.0°C, 40°C, 50°C ± 1.0°C
Humedad relativa:  35.0%, 45.0%, 65.0%,75.0%, 80.0% ± 2.0%","Temperatura: 0.0°C, 10.0°C, 20.0°C, 35.0°C, 40°C, 50°C ± 1.0°C Humedad relativa: 35.0%, 45.0%, 65.0%,75.0%, 80.0% ± 2.0%",format,FMT003,Limpieza de espacios en blanco,1.0,low
AT_instrumentos_original_v2.csv,Calibración/Verificación,4775,E4775,Nuevo valor,"Temperatura: 0.0°C, 10.0°C, 20.0°C, 35.0°C, 40°C, 50°C ± 1.0°C
Humedad relativa:  35.0%, 45.0%, 65.0%,75.0%, 80.0% ± 2.0%","Temperatura: 0.0°C, 10.0°C, 20.0°C, 35.0°C, 40°C, 50°C ± 1.0°C Humedad relativa: 35.0%, 45.0%, 65.0%,75.0%, 80.0% ± 2.0%",format,FMT003,Limpieza de espacios en blanco,1.0,low
AT_instrumentos_original_v2.csv,Calibración/Verificación,4779,E4779,Nuevo valor,"Temperatura: 0.0°C, 10.0°C, 20.0°C, 35.0°C, 40°C, 50°C ± 1.0°C
Humedad relativa:  35.0%, 45.0%, 65.0%,75.0%, 80.0% ± 2.0%","Temperatura: 0.0°C, 10.0°C, 20.0°C, 35.0°C, 40°C, 50°C ± 1.0°C Humedad relativa: 35.0%, 45.0%, 65.0%,75.0%, 80.0% ± 2.0%",format,FMT003,Limpieza de espacios en blanco,1.0,low
AT_instrumentos_original_v2.csv,Calibración/Verificación,4780,E4780,Nuevo valor,"Temperatura: 0.0°C, 10.0°C, 20.0°C, 35.0°C, 40°C, 50°C ± 1.0°C
Humedad relativa:  35.0%, 45.0%, 65.0%,75.0%, 80.0% ± 2.0%","Temperatura: 0.0°C, 10.0°C, 20.0°C, 35.0°C, 40°C, 50°C ± 1.0°C Humedad relativa: 35.0%, 45.0%, 65.0%,75.0%, 80.0% ± 2.0%",format,FMT003,Limpieza de espacios en blanco,1.0,low
AT_instrumentos_original_v2.csv,Calibración/Verificación,4788,E4788,Nuevo valor,"Temperatura: 0.0°C, 10.0°C, 20.0°C, 35.0°C, 40°C, 50°C ± 1.0°C
Humedad relativa:  35.0%, 45.0%, 65.0%,75.0%, 80.0% ± 2.0%","Temperatura: 0.0°C, 10.0°C, 20.0°C, 35.0°C, 40°C, 50°C ± 1.0°C Humedad relativa: 35.0%, 45.0%, 65.0%,75.0%, 80.0% ± 2.0%",format,FMT003,Limpieza de espacios en blanco,1.0,low
AT_instrumentos_original_v2.csv,Calibración/Verificación,4789,E4789,Nuevo valor,"Temperatura: 0.0°C, 10.0°C, 20.0°C, 35.0°C, 40°C, 50°C ± 1.0°C
Humedad relativa:  35.0%, 45.0%, 65.0%,75.0%, 80.0% ± 2.0%","Temperatura: 0.0°C, 10.0°C, 20.0°C, 35.0°C, 40°C, 50°C ± 1.0°C Humedad relativa: 35.0%, 45.0%, 65.0%,75.0%, 80.0% ± 2.0%",format,FMT003,Limpieza de espacios en blanco,1.0,low
AT_instrumentos_original_v2.csv,Calibración/Verificación,4790,E4790,Nuevo valor,"Temperatura: 0.0°C, 10.0°C, 20.0°C, 35.0°C, 40°C, 50°C ± 1.0°C
Humedad relativa:  35.0%, 45.0%, 65.0%,75.0%, 80.0% ± 2.0%","Temperatura: 0.0°C, 10.0°C, 20.0°C, 35.0°C, 40°C, 50°C ± 1.0°C Humedad relativa: 35.0%, 45.0%, 65.0%,75.0%, 80.0% ± 2.0%",format,FMT003,Limpieza de espacios en blanco,1.0,low
AT_instrumentos_original_v2.csv,Calibración/Verificación,4791,E4791,Nuevo valor,"Temperatura: 0.0°C, 10.0°C, 20.0°C, 35.0°C, 40°C, 50°C ± 1.0°C
Humedad relativa:  35.0%, 45.0%, 65.0%,75.0%, 80.0% ± 2.0%","Temperatura: 0.0°C, 10.0°C, 20.0°C, 35.0°C, 40°C, 50°C ± 1.0°C Humedad relativa: 35.0%, 45.0%, 65.0%,75.0%, 80.0% ± 2.0%",format,FMT003,Limpieza de espacios en blanco,1.0,low
AT_instrumentos_original_v2.csv,Calibración/Verificación,4792,E4792,Nuevo valor,"Temperatura: 0.0°C, 10.0°C, 20.0°C, 35.0°C, 40°C, 50°C ± 1.0°C
Humedad relativa:  35.0%, 45.0%, 65.0%,75.0%, 80.0% ± 2.0%","Temperatura: 0.0°C, 10.0°C, 20.0°C, 35.0°C, 40°C, 50°C ± 1.0°C Humedad relativa: 35.0%, 45.0%, 65.0%,75.0%, 80.0% ± 2.0%",format,FMT003,Limpieza de espacios en blanco,1.0,low
AT_instrumentos_original_v2.csv,Calibración/Verificación,4793,E4793,Nuevo valor,"Temperatura: 0.0°C, 10.0°C, 20.0°C, 35.0°C, 40°C, 50°C ± 1.0°C
Humedad relativa:  35.0%, 45.0%, 65.0%,75.0%, 80.0% ± 2.0%","Temperatura: 0.0°C, 10.0°C, 20.0°C, 35.0°C, 40°C, 50°C ± 1.0°C Humedad relativa: 35.0%, 45.0%, 65.0%,75.0%, 80.0% ± 2.0%",format,FMT003,Limpieza de espacios en blanco,1.0,low
AT_instrumentos_original_v2.csv,Calibración/Verificación,4794,E4794,Nuevo valor,"Temperatura: 0.0°C, 10.0°C, 20.0°C, 35.0°C, 40°C, 50°C ± 1.0°C
Humedad relativa:  35.0%, 45.0%, 65.0%,75.0%, 80.0% ± 2.0%","Temperatura: 0.0°C, 10.0°C, 20.0°C, 35.0°C, 40°C, 50°C ± 1.0°C Humedad relativa: 35.0%, 45.0%, 65.0%,75.0%, 80.0% ± 2.0%",format,FMT003,Limpieza de espacios en blanco,1.0,low
AT_instrumentos_original_v2.csv,Calibración/Verificación,4848,E4848,Nuevo valor,"Dimensión externa: 
0.00 mm, 1.00 mm, 2.00 mm, 3.00 mm, 4.00 mm, 5.00 mm, 6.00 mm, 7.00 mm,  8.00 mm, 9.00 mm, 10.00 mm, 15.00 mm, 20.00 mm, 25.00 mm, 30.00 mm, 35.00 mm, 40.00 mm, 45.00 mm, 50.00 mm, 60.00 mm, 70.00 mm, 80.00 mm, 90.00 mm, 100.00 mm, 110.00 mm, 120.00mm, 130.00 mm, 140.00 mm, 150.00 mm, 152.00 mm
Profundidad: 
0.00 mm, 1.00 mm, 2.00 mm, 3.00 mm, 4.00 mm, 5.00 mm, 6.00 mm, 7.00 mm,  8.00 mm, 9.00 mm,10.00 mm, 15.00 mm, 20.00mm, 25.00 mm, 30.00 mm, 35.00 mm, 40.00 mm, 45.00 mm, 50.00 mm, 60.00 mm, 70.00 mm, 80.00 mm, 90.00 mm, 100.00 mm, 110.00 mm, 120.00 mm, 130.00 mm, 140.00 mm, 150.00 mm, 152.00 mm
Dimensión interna: 
0.00 mm, 5.00 mm, 10.00 mm, 15.00 mm, 20.00 mm, 25.00 mm, 30.00 mm, 35.00 mm, 40.00 mm, 45.00 mm, 50.00 mm, 60.00 mm, 70.00 mm, 80.00 mm, 90.00 mm, 100.00 mm, 110.00 mm, 120.00mm, 130.00 mm, 140.00 mm, 150.00 mm, 152.00 mm","Dimensión externa: 0.00 mm, 1.00 mm, 2.00 mm, 3.00 mm, 4.00 mm, 5.00 mm, 6.00 mm, 7.00 mm, 8.00 mm, 9.00 mm, 10.00 mm, 15.00 mm, 20.00 mm, 25.00 mm, 30.00 mm, 35.00 mm, 40.00 mm, 45.00 mm, 50.00 mm, 60.00 mm, 70.00 mm, 80.00 mm, 90.00 mm, 100.00 mm, 110.00 mm, 120.00mm, 130.00 mm, 140.00 mm, 150.00 mm, 152.00 mm Profundidad: 0.00 mm, 1.00 mm, 2.00 mm, 3.00 mm, 4.00 mm, 5.00 mm, 6.00 mm, 7.00 mm, 8.00 mm, 9.00 mm,10.00 mm, 15.00 mm, 20.00mm, 25.00 mm, 30.00 mm, 35.00 mm, 40.00 mm, 45.00 mm, 50.00 mm, 60.00 mm, 70.00 mm, 80.00 mm, 90.00 mm, 100.00 mm, 110.00 mm, 120.00 mm, 130.00 mm, 140.00 mm, 150.00 mm, 152.00 mm Dimensión interna: 0.00 mm, 5.00 mm, 10.00 mm, 15.00 mm, 20.00 mm, 25.00 mm, 30.00 mm, 35.00 mm, 40.00 mm, 45.00 mm, 50.00 mm, 60.00 mm, 70.00 mm, 80.00 mm, 90.00 mm, 100.00 mm, 110.00 mm, 120.00mm, 130.00 mm, 140.00 mm, 150.00 mm, 152.00 mm",format,FMT003,Limpieza de espacios en blanco,1.0,low
AT_instrumentos_original_v2.csv,Calibración/Verificación,4849,D4849,Valor anterior,"Dimensión externa: 
0.00 mm, 1.00 mm, 2.00 mm, 3.00 mm, 4.00 mm, 5.00 mm, 6.00 mm, 7.00 mm,  8.00 mm, 9.00 mm, 10.00 mm, 15.00 mm, 20.00 mm, 25.00 mm, 30.00 mm, 35.00 mm, 40.00 mm, 45.00 mm, 50.00 mm, 60.00 mm, 70.00 mm, 80.00 mm, 90.00 mm, 100.00 mm, 110.00 mm, 120.00mm, 130.00 mm, 140.00 mm, 150.00 mm, 152.00 mm
Profundidad: 
0.00 mm, 1.00 mm, 2.00 mm, 3.00 mm, 4.00 mm, 5.00 mm, 6.00 mm, 7.00 mm,  8.00 mm, 9.00 mm,10.00 mm, 15.00 mm, 20.00mm, 25.00 mm, 30.00 mm, 35.00 mm, 40.00 mm, 45.00 mm, 50.00 mm, 60.00 mm, 70.00 mm, 80.00 mm, 90.00 mm, 100.00 mm, 110.00 mm, 120.00 mm, 130.00 mm, 140.00 mm, 150.00 mm, 152.00 mm
Dimensión interna: 
0.00 mm, 5.00 mm, 10.00 mm, 15.00 mm, 20.00 mm, 25.00 mm, 30.00 mm, 35.00 mm, 40.00 mm, 45.00 mm, 50.00 mm, 60.00 mm, 70.00 mm, 80.00 mm, 90.00 mm, 100.00 mm, 110.00 mm, 120.00mm, 130.00 mm, 140.00 mm, 150.00 mm, 152.00 mm","Dimensión externa: 0.00 mm, 1.00 mm, 2.00 mm, 3.00 mm, 4.00 mm, 5.00 mm, 6.00 mm, 7.00 mm, 8.00 mm, 9.00 mm, 10.00 mm, 15.00 mm, 20.00 mm, 25.00 mm, 30.00 mm, 35.00 mm, 40.00 mm, 45.00 mm, 50.00 mm, 60.00 mm, 70.00 mm, 80.00 mm, 90.00 mm, 100.00 mm, 110.00 mm, 120.00mm, 130.00 mm, 140.00 mm, 150.00 mm, 152.00 mm Profundidad: 0.00 mm, 1.00 mm, 2.00 mm, 3.00 mm, 4.00 mm, 5.00 mm, 6.00 mm, 7.00 mm, 8.00 mm, 9.00 mm,10.00 mm, 15.00 mm, 20.00mm, 25.00 mm, 30.00 mm, 35.00 mm, 40.00 mm, 45.00 mm, 50.00 mm, 60.00 mm, 70.00 mm, 80.00 mm, 90.00 mm, 100.00 mm, 110.00 mm, 120.00 mm, 130.00 mm, 140.00 mm, 150.00 mm, 152.00 mm Dimensión interna: 0.00 mm, 5.00 mm, 10.00 mm, 15.00 mm, 20.00 mm, 25.00 mm, 30.00 mm, 35.00 mm, 40.00 mm, 45.00 mm, 50.00 mm, 60.00 mm, 70.00 mm, 80.00 mm, 90.00 mm, 100.00 mm, 110.00 mm, 120.00mm, 130.00 mm, 140.00 mm, 150.00 mm, 152.00 mm",format,FMT003,Limpieza de espacios en blanco,1.0,low
AT_instrumentos_original_v2.csv,Calibración/Verificación,4849,E4849,Nuevo valor,"Dimensión externa: 
0.00 mm, 1.00 mm, 2.00 mm, 3.00 mm, 4.00 mm, 5.00 mm, 6.00 mm, 7.00 mm,  8.00 mm, 9.00 mm, 10.00 mm, 15.00 mm, 20.00 mm, 25.00 mm, 30.00 mm, 35.00 mm, 40.00 mm, 45.00 mm, 50.00 mm, 60.00 mm, 70.00 mm, 80.00 mm, 90.00 mm, 100.00 mm, 110.00 mm, 120.00mm, 130.00 mm, 140.00 mm, 150.00 mm, 152.00 mm ±0.02 mm
Profundidad: 
0.00 mm, 1.00 mm, 2.00 mm, 3.00 mm, 4.00 mm, 5.00 mm, 6.00 mm, 7.00 mm,  8.00 mm, 9.00 mm,10.00 mm, 15.00 mm, 20.00mm, 25.00 mm, 30.00 mm, 35.00 mm, 40.00 mm, 45.00 mm, 50.00 mm, 60.00 mm, 70.00 mm, 80.00 mm, 90.00 mm, 100.00 mm, 110.00 mm, 120.00 mm, 130.00 mm, 140.00 mm, 150.00 mm, 152.00 mm ±0.02 mm
Dimensión interna: 
0.00 mm, 5.00 mm, 10.00 mm, 15.00 mm, 20.00 mm, 25.00 mm, 30.00 mm, 35.00 mm, 40.00 mm, 45.00 mm, 50.00 mm, 60.00 mm, 70.00 mm, 80.00 mm, 90.00 mm, 100.00 mm, 110.00 mm, 120.00mm, 130.00 mm, 140.00 mm, 150.00 mm, 152.00 mm ±0.02 mm","Dimensión externa: 0.00 mm, 1.00 mm, 2.00 mm, 3.00 mm, 4.00 mm, 5.00 mm, 6.00 mm, 7.00 mm, 8.00 mm, 9.00 mm, 10.00 mm, 15.00 mm, 20.00 mm, 25.00 mm, 30.00 mm, 35.00 mm, 40.00 mm, 45.00 mm, 50.00 mm, 60.00 mm, 70.00 mm, 80.00 mm, 90.00 mm, 100.00 mm, 110.00 mm, 120.00mm, 130.00 mm, 140.00 mm, 150.00 mm, 152.00 mm ±0.02 mm Profundidad: 0.00 mm, 1.00 mm, 2.00 mm, 3.00 mm, 4.00 mm, 5.00 mm, 6.00 mm, 7.00 mm, 8.00 mm, 9.00 mm,10.00 mm, 15.00 mm, 20.00mm, 25.00 mm, 30.00 mm, 35.00 mm, 40.00 mm, 45.00 mm, 50.00 mm, 60.00 mm, 70.00 mm, 80.00 mm, 90.00 mm, 100.00 mm, 110.00 mm, 120.00 mm, 130.00 mm, 140.00 mm, 150.00 mm, 152.00 mm ±0.02 mm Dimensión interna: 0.00 mm, 5.00 mm, 10.00 mm, 15.00 mm, 20.00 mm, 25.00 mm, 30.00 mm, 35.00 mm, 40.00 mm, 45.00 mm, 50.00 mm, 60.00 mm, 70.00 mm, 80.00 mm, 90.00 mm, 100.00 mm, 110.00 mm, 120.00mm, 130.00 mm, 140.00 mm, 150.00 mm, 152.00 mm ±0.02 mm",format,FMT003,Limpieza de espacios en blanco,1.0,low
AT_instrumentos_original_v2.csv,SBL-LM-08,4921,D4921,Valor anterior,Validación ,Validación,format,FMT003,Limpieza de espacios en blanco,1.0,low
AT_instrumentos_original_v2.csv,SBL-LM-08,4923,D4923,Valor anterior,Validación ,Validación,format,FMT003,Limpieza de espacios en blanco,1.0,low
AT_instrumentos_original_v2.csv,Calibración/Verificación,5108,D5108,Valor anterior,"Dimensión externa: 
0.00 mm, 1.00 mm, 2.00 mm, 3.00 mm, 4.00 mm, 5.00 mm, 6.00 mm, 7.00 mm,  8.00 mm, 9.00 mm, 10.00 mm, 15.00 mm, 20.00 mm, 25.00 mm, 30.00 mm, 35.00 mm, 40.00 mm, 45.00 mm, 50.00 mm, 60.00 mm, 70.00 mm, 80.00 mm, 90.00 mm, 100.00 mm, 110.00 mm, 120.00mm, 130.00 mm, 140.00 mm, 150.00 mm, 152.00 mm ±0.02 mm
Profundidad: 
0.00 mm, 1.00 mm, 2.00 mm, 3.00 mm, 4.00 mm, 5.00 mm, 6.00 mm, 7.00 mm,  8.00 mm, 9.00 mm,10.00 mm, 15.00 mm, 20.00mm, 25.00 mm, 30.00 mm, 35.00 mm, 40.00 mm, 45.00 mm, 50.00 mm, 60.00 mm, 70.00 mm, 80.00 mm, 90.00 mm, 100.00 mm, 110.00 mm, 120.00 mm, 130.00 mm, 140.00 mm, 150.00 mm, 152.00 mm ±0.02 mm
Dimensión interna: 
0.00 mm, 5.00 mm, 10.00 mm, 15.00 mm, 20.00 mm, 25.00 mm, 30.00 mm, 35.00 mm, 40.00 mm, 45.00 mm, 50.00 mm, 60.00 mm, 70.00 mm, 80.00 mm, 90.00 mm, 100.00 mm, 110.00 mm, 120.00mm, 130.00 mm, 140.00 mm, 150.00 mm, 152.00 mm ±0.02 mm","Dimensión externa: 0.00 mm, 1.00 mm, 2.00 mm, 3.00 mm, 4.00 mm, 5.00 mm, 6.00 mm, 7.00 mm, 8.00 mm, 9.00 mm, 10.00 mm, 15.00 mm, 20.00 mm, 25.00 mm, 30.00 mm, 35.00 mm, 40.00 mm, 45.00 mm, 50.00 mm, 60.00 mm, 70.00 mm, 80.00 mm, 90.00 mm, 100.00 mm, 110.00 mm, 120.00mm, 130.00 mm, 140.00 mm, 150.00 mm, 152.00 mm ±0.02 mm Profundidad: 0.00 mm, 1.00 mm, 2.00 mm, 3.00 mm, 4.00 mm, 5.00 mm, 6.00 mm, 7.00 mm, 8.00 mm, 9.00 mm,10.00 mm, 15.00 mm, 20.00mm, 25.00 mm, 30.00 mm, 35.00 mm, 40.00 mm, 45.00 mm, 50.00 mm, 60.00 mm, 70.00 mm, 80.00 mm, 90.00 mm, 100.00 mm, 110.00 mm, 120.00 mm, 130.00 mm, 140.00 mm, 150.00 mm, 152.00 mm ±0.02 mm Dimensión interna: 0.00 mm, 5.00 mm, 10.00 mm, 15.00 mm, 20.00 mm, 25.00 mm, 30.00 mm, 35.00 mm, 40.00 mm, 45.00 mm, 50.00 mm, 60.00 mm, 70.00 mm, 80.00 mm, 90.00 mm, 100.00 mm, 110.00 mm, 120.00mm, 130.00 mm, 140.00 mm, 150.00 mm, 152.00 mm ±0.02 mm",format,FMT003,Limpieza de espacios en blanco,1.0,low
AT_instrumentos_original_v2.csv,Calibración/Verificación,5108,E5108,Nuevo valor,"Dimensión externa: 
0.00 mm,5.00 mm,80.00 mm,152.00 mm

Profundidad: 
0.00 mm,5.00 mm, 50.00,152.00 mm

Dimensión interna: 
0.00 mm, 5.00 mm, 80.00 mm,152.00 mm","Dimensión externa: 0.00 mm,5.00 mm,80.00 mm,152.00 mm Profundidad: 0.00 mm,5.00 mm, 50.00,152.00 mm Dimensión interna: 0.00 mm, 5.00 mm, 80.00 mm,152.00 mm",format,FMT003,Limpieza de espacios en blanco,1.0,low
AT_instrumentos_original_v2.csv,Calibración/Verificación,5109,D5109,Valor anterior,"Dimensión externa: 
0.00 mm,5.00 mm,80.00 mm,152.00 mm

Profundidad: 
0.00 mm,5.00 mm, 50.00,152.00 mm

Dimensión interna: 
0.00 mm, 5.00 mm, 80.00 mm,152.00 mm","Dimensión externa: 0.00 mm,5.00 mm,80.00 mm,152.00 mm Profundidad: 0.00 mm,5.00 mm, 50.00,152.00 mm Dimensión interna: 0.00 mm, 5.00 mm, 80.00 mm,152.00 mm",format,FMT003,Limpieza de espacios en blanco,1.0,low
AT_instrumentos_original_v2.csv,Calibración/Verificación,5109,E5109,Nuevo valor,"Dimensión externa: 
0.00 mm,5.00 mm,80.00 mm,152.00 mm Tol ±0.02 mm

Profundidad: 
0.00 mm,5.00 mm, 50.00,152.00 mm Tol ±0.02 mm

Dimensión interna: 
0.00 mm, 5.00 mm, 80.00 mm,152.00 mm Tol ±0.02 mm","Dimensión externa: 0.00 mm,5.00 mm,80.00 mm,152.00 mm Tol ±0.02 mm Profundidad: 0.00 mm,5.00 mm, 50.00,152.00 mm Tol ±0.02 mm Dimensión interna: 0.00 mm, 5.00 mm, 80.00 mm,152.00 mm Tol ±0.02 mm",format,FMT003,Limpieza de espacios en blanco,1.0,low
AT_instrumentos_original_v2.csv,Calibración/Verificación,5110,D5110,Valor anterior,"Dimensión externa: 
0.00 mm,5.00 mm,80.00 mm,152.00 mm Tol ±0.02 mm

Profundidad: 
0.00 mm,5.00 mm, 50.00,152.00 mm Tol ±0.02 mm

Dimensión interna: 
0.00 mm, 5.00 mm, 80.00 mm,152.00 mm Tol ±0.02 mm","Dimensión externa: 0.00 mm,5.00 mm,80.00 mm,152.00 mm Tol ±0.02 mm Profundidad: 0.00 mm,5.00 mm, 50.00,152.00 mm Tol ±0.02 mm Dimensión interna: 0.00 mm, 5.00 mm, 80.00 mm,152.00 mm Tol ±0.02 mm",format,FMT003,Limpieza de espacios en blanco,1.0,low
AT_instrumentos_original_v2.csv,Calibración/Verificación,5110,E5110,Nuevo valor,"Dimensión externa: 
0.00 mm,5.00 mm,80.00 mm,152.00 mm Tol ±0.02 mm
Profundidad: 
0.00 mm,5.00 mm, 50.00,152.00 mm Tol ±0.02 mm
Dimensión interna: 
0.00 mm, 5.00 mm, 80.00 mm,152.00 mm Tol ±0.02 mm","Dimensión externa: 0.00 mm,5.00 mm,80.00 mm,152.00 mm Tol ±0.02 mm Profundidad: 0.00 mm,5.00 mm, 50.00,152.00 mm Tol ±0.02 mm Dimensión interna: 0.00 mm, 5.00 mm, 80.00 mm,152.00 mm Tol ±0.02 mm",format,FMT003,Limpieza de espacios en blanco,1.0,low
AT_instrumentos_original_v2.csv,Calibración/Verificación,5111,D5111,Valor anterior,"- 0.2500 inWC, -0.2000 inWC, -0.1500 inWC,    - 0.1000 inWC, -0.0500 inWC, 0.0000 inWC, 0.0500 inWC, 0.1000 inWC, 0.1500 inWC, 0.2000 inWC, 0.2500 inWC Tol ± 1.5% (0.0075 InWC)
- 62.0 Pa, - 50.0 Pa, - 37.0 Pa, - 25.0 Pa, 12.0 Pa,  0.0 Pa, 12.0 Pa, 25.0 Pa,                                        37.0 Pa, 50.0 Pa, 62.0 Pa
Tol ± 1.5% (1.8 Pa)","- 0.2500 inWC, -0.2000 inWC, -0.1500 inWC, - 0.1000 inWC, -0.0500 inWC, 0.0000 inWC, 0.0500 inWC, 0.1000 inWC, 0.1500 inWC, 0.2000 inWC, 0.2500 inWC Tol ± 1.5% (0.0075 InWC) - 62.0 Pa, - 50.0 Pa, - 37.0 Pa, - 25.0 Pa, 12.0 Pa, 0.0 Pa, 12.0 Pa, 25.0 Pa, 37.0 Pa, 50.0 Pa, 62.0 Pa Tol ± 1.5% (1.8 Pa)",format,FMT003,Limpieza de espacios en blanco,1.0,low
AT_instrumentos_original_v2.csv,Calibración/Verificación,5111,E5111,Nuevo valor,"- 0.250 inWC, -0.200 inWC, -0.150 inWC,    - 0.100 inWC, -0.050 inWC, 0.000 inWC, 0.050 inWC, 0.100 inWC, 0.150 inWC, 0.200 inWC, 0.250 inWC Tol ± 0.001 InWC - 62.0 Pa, - 50.0 Pa, - 37.0 Pa, - 25.0 Pa, 12.0 Pa,  0.0 Pa, 12.0 Pa, 25.0 Pa,                                        37.0 Pa, 50.0 Pa, 62.0 Pa
Tol ± 1.5% (1.8 Pa)","- 0.250 inWC, -0.200 inWC, -0.150 inWC, - 0.100 inWC, -0.050 inWC, 0.000 inWC, 0.050 inWC, 0.100 inWC, 0.150 inWC, 0.200 inWC, 0.250 inWC Tol ± 0.001 InWC - 62.0 Pa, - 50.0 Pa, - 37.0 Pa, - 25.0 Pa, 12.0 Pa, 0.0 Pa, 12.0 Pa, 25.0 Pa, 37.0 Pa, 50.0 Pa, 62.0 Pa Tol ± 1.5% (1.8 Pa)",format,FMT003,Limpieza de espacios en blanco,1.0,low
AT_instrumentos_original_v2.csv,Calibración/Verificación,5112,D5112,Valor anterior,"- 0.250 inWC, -0.200 inWC, -0.150 inWC,    - 0.100 inWC, -0.050 inWC, 0.000 inWC, 0.050 inWC, 0.100 inWC, 0.150 inWC, 0.200 inWC, 0.250 inWC Tol ± 0.001 InWC - 62.0 Pa, - 50.0 Pa, - 37.0 Pa, - 25.0 Pa, 12.0 Pa,  0.0 Pa, 12.0 Pa, 25.0 Pa,                                        37.0 Pa, 50.0 Pa, 62.0 Pa
Tol ± 1.5% (1.8 Pa)","- 0.250 inWC, -0.200 inWC, -0.150 inWC, - 0.100 inWC, -0.050 inWC, 0.000 inWC, 0.050 inWC, 0.100 inWC, 0.150 inWC, 0.200 inWC, 0.250 inWC Tol ± 0.001 InWC - 62.0 Pa, - 50.0 Pa, - 37.0 Pa, - 25.0 Pa, 12.0 Pa, 0.0 Pa, 12.0 Pa, 25.0 Pa, 37.0 Pa, 50.0 Pa, 62.0 Pa Tol ± 1.5% (1.8 Pa)",format,FMT003,Limpieza de espacios en blanco,1.0,low
AT_instrumentos_original_v2.csv,Calibración/Verificación,5112,E5112,Nuevo valor,"- 0.250 inWC, -0.200 inWC, -0.150 inWC,    - 0.100 inWC, -0.050 inWC, 0.000 inWC, 0.050 inWC, 0.100 inWC, 0.150 inWC, 0.200 inWC, 0.250 inWC Tol ± 0.001 InWC - 62.0 Pa, - 50.0 Pa, - 37.0 Pa, - 25.0 Pa, 12.0 Pa,  0.0 Pa, 12.0 Pa, 25.0 Pa,                                        37.0 Pa, 50.0 Pa, 62.0 Pa","- 0.250 inWC, -0.200 inWC, -0.150 inWC, - 0.100 inWC, -0.050 inWC, 0.000 inWC, 0.050 inWC, 0.100 inWC, 0.150 inWC, 0.200 inWC, 0.250 inWC Tol ± 0.001 InWC - 62.0 Pa, - 50.0 Pa, - 37.0 Pa, - 25.0 Pa, 12.0 Pa, 0.0 Pa, 12.0 Pa, 25.0 Pa, 37.0 Pa, 50.0 Pa, 62.0 Pa",format,FMT003,Limpieza de espacios en blanco,1.0,low
AT_instrumentos_original_v2.csv,Calibración/Verificación,5113,D5113,Valor anterior,"- 0.250 inWC, -0.200 inWC, -0.150 inWC,    - 0.100 inWC, -0.050 inWC, 0.000 inWC, 0.050 inWC, 0.100 inWC, 0.150 inWC, 0.200 inWC, 0.250 inWC Tol ± 0.001 InWC - 62.0 Pa, - 50.0 Pa, - 37.0 Pa, - 25.0 Pa, 12.0 Pa,  0.0 Pa, 12.0 Pa, 25.0 Pa,                                        37.0 Pa, 50.0 Pa, 62.0 Pa","- 0.250 inWC, -0.200 inWC, -0.150 inWC, - 0.100 inWC, -0.050 inWC, 0.000 inWC, 0.050 inWC, 0.100 inWC, 0.150 inWC, 0.200 inWC, 0.250 inWC Tol ± 0.001 InWC - 62.0 Pa, - 50.0 Pa, - 37.0 Pa, - 25.0 Pa, 12.0 Pa, 0.0 Pa, 12.0 Pa, 25.0 Pa, 37.0 Pa, 50.0 Pa, 62.0 Pa",format,FMT003,Limpieza de espacios en blanco,1.0,low
AT_instrumentos_original_v2.csv,Calibración/Verificación,5113,E5113,Nuevo valor,"- 0.250 inWC, -0.200 inWC, -0.150 inWC,    - 0.100 inWC, -0.050 inWC, 0.000 inWC, 0.050 inWC, 0.100 inWC, 0.150 inWC, 0.200 inWC, 0.250 inWC Tol ± 0.001 InWC - 62.0 Pa, - 50.0 Pa, - 37.0 Pa, -25.0 Pa, 12.0 Pa,  0.0 Pa, 12.0 Pa, 25.0 Pa,                                        37.0 Pa, 50.0 Pa, 62.0 Pa","- 0.250 inWC, -0.200 inWC, -0.150 inWC, - 0.100 inWC, -0.050 inWC, 0.000 inWC, 0.050 inWC, 0.100 inWC, 0.150 inWC, 0.200 inWC, 0.250 inWC Tol ± 0.001 InWC - 62.0 Pa, - 50.0 Pa, - 37.0 Pa, -25.0 Pa, 12.0 Pa, 0.0 Pa, 12.0 Pa, 25.0 Pa, 37.0 Pa, 50.0 Pa, 62.0 Pa",format,FMT003,Limpieza de espacios en blanco,1.0,low
AT_instrumentos_original_v2.csv,Calibración/Verificación,5114,D5114,Valor anterior,"- 0.250 inWC, -0.200 inWC, -0.150 inWC,    - 0.100 inWC, -0.050 inWC, 0.000 inWC, 0.050 inWC, 0.100 inWC, 0.150 inWC, 0.200 inWC, 0.250 inWC Tol ± 0.001 InWC - 62.0 Pa, - 50.0 Pa, - 37.0 Pa, -25.0 Pa, 12.0 Pa,  0.0 Pa, 12.0 Pa, 25.0 Pa,                                        37.0 Pa, 50.0 Pa, 62.0 Pa","- 0.250 inWC, -0.200 inWC, -0.150 inWC, - 0.100 inWC, -0.050 inWC, 0.000 inWC, 0.050 inWC, 0.100 inWC, 0.150 inWC, 0.200 inWC, 0.250 inWC Tol ± 0.001 InWC - 62.0 Pa, - 50.0 Pa, - 37.0 Pa, -25.0 Pa, 12.0 Pa, 0.0 Pa, 12.0 Pa, 25.0 Pa, 37.0 Pa, 50.0 Pa, 62.0 Pa",format,FMT003,Limpieza de espacios en blanco,1.0,low
AT_instrumentos_original_v2.csv,Calibración/Verificación,5114,E5114,Nuevo valor,"- 0.250 inWC, -0.200 inWC, -0.150 inWC,    - 0.100 inWC, -0.050 inWC, 0.000 inWC, 0.050 inWC, 0.100 inWC, 0.150 inWC, 0.200 inWC, 0.250 inWC Tol ± 0.001 InWC -62.0 Pa, -50.0 Pa, -37.0 Pa, -25.0 Pa, 12.0 Pa,  0.0 Pa, 12.0 Pa, 25.0 Pa,                                        37.0 Pa, 50.0 Pa, 62.0 Pa","- 0.250 inWC, -0.200 inWC, -0.150 inWC, - 0.100 inWC, -0.050 inWC, 0.000 inWC, 0.050 inWC, 0.100 inWC, 0.150 inWC, 0.200 inWC, 0.250 inWC Tol ± 0.001 InWC -62.0 Pa, -50.0 Pa, -37.0 Pa, -25.0 Pa, 12.0 Pa, 0.0 Pa, 12.0 Pa, 25.0 Pa, 37.0 Pa, 50.0 Pa, 62.0 Pa",format,FMT003,Limpieza de espacios en blanco,1.0,low
AT_instrumentos_original_v2.csv,Calibración/Verificación,5115,D5115,Valor anterior,"- 0.250 inWC, -0.200 inWC, -0.150 inWC,    - 0.100 inWC, -0.050 inWC, 0.000 inWC, 0.050 inWC, 0.100 inWC, 0.150 inWC, 0.200 inWC, 0.250 inWC Tol ± 0.001 InWC -62.0 Pa, -50.0 Pa, -37.0 Pa, -25.0 Pa, 12.0 Pa,  0.0 Pa, 12.0 Pa, 25.0 Pa,                                        37.0 Pa, 50.0 Pa, 62.0 Pa","- 0.250 inWC, -0.200 inWC, -0.150 inWC, - 0.100 inWC, -0.050 inWC, 0.000 inWC, 0.050 inWC, 0.100 inWC, 0.150 inWC, 0.200 inWC, 0.250 inWC Tol ± 0.001 InWC -62.0 Pa, -50.0 Pa, -37.0 Pa, -25.0 Pa, 12.0 Pa, 0.0 Pa, 12.0 Pa, 25.0 Pa, 37.0 Pa, 50.0 Pa, 62.0 Pa",format,FMT003,Limpieza de espacios en blanco,1.0,low
AT_instrumentos_original_v2.csv,Calibración/Verificación,5115,E5115,Nuevo valor,"- 0.250 inWC, -0.200 inWC, -0.150 inWC,    - 0.100 inWC, -0.050 inWC, 0.000 inWC, 0.050 inWC, 0.100 inWC, 0.150 inWC, 0.200 inWC, 0.250 inWC Tol ± 0.001 InWC -62.0 Pa, -50.0 Pa, -37.0 Pa, -25.0 Pa, 12.0 Pa,  0.0 Pa, 12.0 Pa, 25.0 Pa,                                    37.0 Pa, 50.0 Pa, 62.0 Pa","- 0.250 inWC, -0.200 inWC, -0.150 inWC, - 0.100 inWC, -0.050 inWC, 0.000 inWC, 0.050 inWC, 0.100 inWC, 0.150 inWC, 0.200 inWC, 0.250 inWC Tol ± 0.001 InWC -62.0 Pa, -50.0 Pa, -37.0 Pa, -25.0 Pa, 12.0 Pa, 0.0 Pa, 12.0 Pa, 25.0 Pa, 37.0 Pa, 50.0 Pa, 62.0 Pa",format,FMT003,Limpieza de espacios en blanco,1.0,low
AT_instrumentos_original_v2.csv,Calibración/Verificación,5116,D5116,Valor anterior,"- 0.250 inWC, -0.200 inWC, -0.150 inWC,    - 0.100 inWC, -0.050 inWC, 0.000 inWC, 0.050 inWC, 0.100 inWC, 0.150 inWC, 0.200 inWC, 0.250 inWC Tol ± 0.001 InWC -62.0 Pa, -50.0 Pa, -37.0 Pa, -25.0 Pa, 12.0 Pa,  0.0 Pa, 12.0 Pa, 25.0 Pa,                                    37.0 Pa, 50.0 Pa, 62.0 Pa","- 0.250 inWC, -0.200 inWC, -0.150 inWC, - 0.100 inWC, -0.050 inWC, 0.000 inWC, 0.050 inWC, 0.100 inWC, 0.150 inWC, 0.200 inWC, 0.250 inWC Tol ± 0.001 InWC -62.0 Pa, -50.0 Pa, -37.0 Pa, -25.0 Pa, 12.0 Pa, 0.0 Pa, 12.0 Pa, 25.0 Pa, 37.0 Pa, 50.0 Pa, 62.0 Pa",format,FMT003,Limpieza de espacios en blanco,1.0,low
AT_instrumentos_original_v2.csv,Calibración/Verificación,5116,E5116,Nuevo valor,"- 0.250 inWC, -0.200 inWC, -0.150 inWC,    - 0.100 inWC, -0.050 inWC, 0.000 inWC, 0.050 inWC, 0.100 inWC, 0.150 inWC, 0.200 inWC, 0.250 inWC Tol ± 0.001 InWC -62.0 Pa, -50.0 Pa, -37.0 Pa, -25.0 Pa, 12.0 Pa,  0.0 Pa, 12.0 Pa, 25.0 Pa, 37.0 Pa, 50.0 Pa, 62.0 Pa","- 0.250 inWC, -0.200 inWC, -0.150 inWC, - 0.100 inWC, -0.050 inWC, 0.000 inWC, 0.050 inWC, 0.100 inWC, 0.150 inWC, 0.200 inWC, 0.250 inWC Tol ± 0.001 InWC -62.0 Pa, -50.0 Pa, -37.0 Pa, -25.0 Pa, 12.0 Pa, 0.0 Pa, 12.0 Pa, 25.0 Pa, 37.0 Pa, 50.0 Pa, 62.0 Pa",format,FMT003,Limpieza de espacios en blanco,1.0,low
AT_instrumentos_original_v2.csv,Calibración/Verificación,5117,D5117,Valor anterior,"- 0.2500 inWC, -0.2000 inWC, -0.1500 inWC,    - 0.1000 inWC, -0.0500 inWC, 0.0000 inWC, 0.0500 inWC, 0.1000 inWC, 0.1500 inWC, 0.2000 inWC, 0.2500 inWC Tol ± 1.5% (0.0075 InWC)
- 62.0 Pa, - 50.0 Pa, - 37.0 Pa, - 25.0 Pa, 12.0 Pa,  0.0 Pa, 12.0 Pa, 25.0 Pa,                                        37.0 Pa, 50.0 Pa, 62.0 Pa
Tol ± 1.5% (1.8 Pa)","- 0.2500 inWC, -0.2000 inWC, -0.1500 inWC, - 0.1000 inWC, -0.0500 inWC, 0.0000 inWC, 0.0500 inWC, 0.1000 inWC, 0.1500 inWC, 0.2000 inWC, 0.2500 inWC Tol ± 1.5% (0.0075 InWC) - 62.0 Pa, - 50.0 Pa, - 37.0 Pa, - 25.0 Pa, 12.0 Pa, 0.0 Pa, 12.0 Pa, 25.0 Pa, 37.0 Pa, 50.0 Pa, 62.0 Pa Tol ± 1.5% (1.8 Pa)",format,FMT003,Limpieza de espacios en blanco,1.0,low
AT_instrumentos_original_v2.csv,Calibración/Verificación,5117,E5117,Nuevo valor,"- 0.250 inWC, -0.200 inWC, -0.150 inWC,    - 0.100 inWC, -0.050 inWC, 0.000 inWC, 0.050 inWC, 0.100 inWC, 0.150 inWC, 0.200 inWC, 0.250 inWC Tol ± 0.001 InWC -62.0 Pa, -50.0 Pa, -37.0 Pa, -25.0 Pa, 12.0 Pa,  0.0 Pa, 12.0 Pa, 25.0 Pa, 37.0 Pa, 50.0 Pa, 62.0 Pa","- 0.250 inWC, -0.200 inWC, -0.150 inWC, - 0.100 inWC, -0.050 inWC, 0.000 inWC, 0.050 inWC, 0.100 inWC, 0.150 inWC, 0.200 inWC, 0.250 inWC Tol ± 0.001 InWC -62.0 Pa, -50.0 Pa, -37.0 Pa, -25.0 Pa, 12.0 Pa, 0.0 Pa, 12.0 Pa, 25.0 Pa, 37.0 Pa, 50.0 Pa, 62.0 Pa",format,FMT003,Limpieza de espacios en blanco,1.0,low
AT_instrumentos_original_v2.csv,Calibración/Verificación,5118,D5118,Valor anterior,"- 0.2500 inWC, -0.2000 inWC, -0.1500 inWC,    - 0.1000 inWC, -0.0500 inWC, 0.0000 inWC, 0.0500 inWC, 0.1000 inWC, 0.1500 inWC, 0.2000 inWC, 0.2500 inWC Tol ± 1.5% (0.0075 InWC)
- 62.0 Pa, - 50.0 Pa, - 37.0 Pa, - 25.0 Pa, 12.0 Pa,  0.0 Pa, 12.0 Pa, 25.0 Pa,                                        37.0 Pa, 50.0 Pa, 62.0 Pa
Tol ± 1.5% (1.8 Pa)","- 0.2500 inWC, -0.2000 inWC, -0.1500 inWC, - 0.1000 inWC, -0.0500 inWC, 0.0000 inWC, 0.0500 inWC, 0.1000 inWC, 0.1500 inWC, 0.2000 inWC, 0.2500 inWC Tol ± 1.5% (0.0075 InWC) - 62.0 Pa, - 50.0 Pa, - 37.0 Pa, - 25.0 Pa, 12.0 Pa, 0.0 Pa, 12.0 Pa, 25.0 Pa, 37.0 Pa, 50.0 Pa, 62.0 Pa Tol ± 1.5% (1.8 Pa)",format,FMT003,Limpieza de espacios en blanco,1.0,low
AT_instrumentos_original_v2.csv,Calibración/Verificación,5118,E5118,Nuevo valor,"- 0.250 inWC, -0.200 inWC, -0.150 inWC,    - 0.100 inWC, -0.050 inWC, 0.000 inWC, 0.050 inWC, 0.100 inWC, 0.150 inWC, 0.200 inWC, 0.250 inWC Tol ± 0.001 InWC -62.0 Pa, -50.0 Pa, -37.0 Pa, -25.0 Pa, 12.0 Pa,  0.0 Pa, 12.0 Pa, 25.0 Pa, 37.0 Pa, 50.0 Pa, 62.0 Pa","- 0.250 inWC, -0.200 inWC, -0.150 inWC, - 0.100 inWC, -0.050 inWC, 0.000 inWC, 0.050 inWC, 0.100 inWC, 0.150 inWC, 0.200 inWC, 0.250 inWC Tol ± 0.001 InWC -62.0 Pa, -50.0 Pa, -37.0 Pa, -25.0 Pa, 12.0 Pa, 0.0 Pa, 12.0 Pa, 25.0 Pa, 37.0 Pa, 50.0 Pa, 62.0 Pa",format,FMT003,Limpieza de espacios en blanco,1.0,low
AT_instrumentos_original_v2.csv,Calibración/Verificación,5119,D5119,Valor anterior,"- 0.2500 inWC, -0.2000 inWC, -0.1500 inWC,    - 0.1000 inWC, -0.0500 inWC, 0.0000 inWC, 0.0500 inWC, 0.1000 inWC, 0.1500 inWC, 0.2000 inWC, 0.2500 inWC Tol ± 1.5% (0.0075 InWC)
- 62.0 Pa, - 50.0 Pa, - 37.0 Pa, - 25.0 Pa, 12.0 Pa,  0.0 Pa, 12.0 Pa, 25.0 Pa,                                        37.0 Pa, 50.0 Pa, 62.0 Pa
Tol ± 1.5% (1.8 Pa)","- 0.2500 inWC, -0.2000 inWC, -0.1500 inWC, - 0.1000 inWC, -0.0500 inWC, 0.0000 inWC, 0.0500 inWC, 0.1000 inWC, 0.1500 inWC, 0.2000 inWC, 0.2500 inWC Tol ± 1.5% (0.0075 InWC) - 62.0 Pa, - 50.0 Pa, - 37.0 Pa, - 25.0 Pa, 12.0 Pa, 0.0 Pa, 12.0 Pa, 25.0 Pa, 37.0 Pa, 50.0 Pa, 62.0 Pa Tol ± 1.5% (1.8 Pa)",format,FMT003,Limpieza de espacios en blanco,1.0,low
AT_instrumentos_original_v2.csv,Calibración/Verificación,5119,E5119,Nuevo valor,"- 0.250 inWC, -0.200 inWC, -0.150 inWC,    - 0.100 inWC, -0.050 inWC, 0.000 inWC, 0.050 inWC, 0.100 inWC, 0.150 inWC, 0.200 inWC, 0.250 inWC Tol ± 0.001 InWC -62.0 Pa, -50.0 Pa, -37.0 Pa, -25.0 Pa, 12.0 Pa,  0.0 Pa, 12.0 Pa, 25.0 Pa, 37.0 Pa, 50.0 Pa, 62.0 Pa","- 0.250 inWC, -0.200 inWC, -0.150 inWC, - 0.100 inWC, -0.050 inWC, 0.000 inWC, 0.050 inWC, 0.100 inWC, 0.150 inWC, 0.200 inWC, 0.250 inWC Tol ± 0.001 InWC -62.0 Pa, -50.0 Pa, -37.0 Pa, -25.0 Pa, 12.0 Pa, 0.0 Pa, 12.0 Pa, 25.0 Pa, 37.0 Pa, 50.0 Pa, 62.0 Pa",format,FMT003,Limpieza de espacios en blanco,1.0,low
AT_instrumentos_original_v2.csv,Calibración/Verificación,5120,D5120,Valor anterior,"- 0.2500 inWC, -0.2000 inWC, -0.1500 inWC,    - 0.1000 inWC, -0.0500 inWC, 0.0000 inWC, 0.0500 inWC, 0.1000 inWC, 0.1500 inWC, 0.2000 inWC, 0.2500 inWC Tol ± 1.5% (0.0075 InWC)
- 62.0 Pa, - 50.0 Pa, - 37.0 Pa, - 25.0 Pa, 12.0 Pa,  0.0 Pa, 12.0 Pa, 25.0 Pa,                                        37.0 Pa, 50.0 Pa, 62.0 Pa
Tol ± 1.5% (1.8 Pa)","- 0.2500 inWC, -0.2000 inWC, -0.1500 inWC, - 0.1000 inWC, -0.0500 inWC, 0.0000 inWC, 0.0500 inWC, 0.1000 inWC, 0.1500 inWC, 0.2000 inWC, 0.2500 inWC Tol ± 1.5% (0.0075 InWC) - 62.0 Pa, - 50.0 Pa, - 37.0 Pa, - 25.0 Pa, 12.0 Pa, 0.0 Pa, 12.0 Pa, 25.0 Pa, 37.0 Pa, 50.0 Pa, 62.0 Pa Tol ± 1.5% (1.8 Pa)",format,FMT003,Limpieza de espacios en blanco,1.0,low
AT_instrumentos_original_v2.csv,Calibración/Verificación,5120,E5120,Nuevo valor,"- 0.250 inWC, -0.200 inWC, -0.150 inWC,    - 0.100 inWC, -0.050 inWC, 0.000 inWC, 0.050 inWC, 0.100 inWC, 0.150 inWC, 0.200 inWC, 0.250 inWC Tol ± 0.001 InWC -62.0 Pa, -50.0 Pa, -37.0 Pa, -25.0 Pa, 12.0 Pa,  0.0 Pa, 12.0 Pa, 25.0 Pa, 37.0 Pa, 50.0 Pa, 62.0 Pa","- 0.250 inWC, -0.200 inWC, -0.150 inWC, - 0.100 inWC, -0.050 inWC, 0.000 inWC, 0.050 inWC, 0.100 inWC, 0.150 inWC, 0.200 inWC, 0.250 inWC Tol ± 0.001 InWC -62.0 Pa, -50.0 Pa, -37.0 Pa, -25.0 Pa, 12.0 Pa, 0.0 Pa, 12.0 Pa, 25.0 Pa, 37.0 Pa, 50.0 Pa, 62.0 Pa",format,FMT003,Limpieza de espacios en blanco,1.0,low
AT_instrumentos_original_v2.csv,Calibración/Verificación,5121,D5121,Valor anterior,"- 0.2500 inWC, -0.2000 inWC, -0.1500 inWC,    - 0.1000 inWC, -0.0500 inWC, 0.0000 inWC, 0.0500 inWC, 0.1000 inWC, 0.1500 inWC, 0.2000 inWC, 0.2500 inWC Tol ± 1.5% (0.0075 InWC)
- 62.0 Pa, - 50.0 Pa, - 37.0 Pa, - 25.0 Pa, 12.0 Pa,  0.0 Pa, 12.0 Pa, 25.0 Pa,                                        37.0 Pa, 50.0 Pa, 62.0 Pa
Tol ± 1.5% (1.8 Pa)","- 0.2500 inWC, -0.2000 inWC, -0.1500 inWC, - 0.1000 inWC, -0.0500 inWC, 0.0000 inWC, 0.0500 inWC, 0.1000 inWC, 0.1500 inWC, 0.2000 inWC, 0.2500 inWC Tol ± 1.5% (0.0075 InWC) - 62.0 Pa, - 50.0 Pa, - 37.0 Pa, - 25.0 Pa, 12.0 Pa, 0.0 Pa, 12.0 Pa, 25.0 Pa, 37.0 Pa, 50.0 Pa, 62.0 Pa Tol ± 1.5% (1.8 Pa)",format,FMT003,Limpieza de espacios en blanco,1.0,low
AT_instrumentos_original_v2.csv,Calibración/Verificación,5121,E5121,Nuevo valor,"- 0.250 inWC, -0.200 inWC, -0.150 inWC,    - 0.100 inWC, -0.050 inWC, 0.000 inWC, 0.050 inWC, 0.100 inWC, 0.150 inWC, 0.200 inWC, 0.250 inWC Tol ± 0.001 InWC -62.0 Pa, -50.0 Pa, -37.0 Pa, -25.0 Pa, 12.0 Pa,  0.0 Pa, 12.0 Pa, 25.0 Pa, 37.0 Pa, 50.0 Pa, 62.0 Pa","- 0.250 inWC, -0.200 inWC, -0.150 inWC, - 0.100 inWC, -0.050 inWC, 0.000 inWC, 0.050 inWC, 0.100 inWC, 0.150 inWC, 0.200 inWC, 0.250 inWC Tol ± 0.001 InWC -62.0 Pa, -50.0 Pa, -37.0 Pa, -25.0 Pa, 12.0 Pa, 0.0 Pa, 12.0 Pa, 25.0 Pa, 37.0 Pa, 50.0 Pa, 62.0 Pa",format,FMT003,Limpieza de espacios en blanco,1.0,low
AT_instrumentos_original_v2.csv,Calibración/Verificación,5122,D5122,Valor anterior,"- 0.2500 inWC, -0.2000 inWC, -0.1500 inWC,    - 0.1000 inWC, -0.0500 inWC, 0.0000 inWC, 0.0500 inWC, 0.1000 inWC, 0.1500 inWC, 0.2000 inWC, 0.2500 inWC Tol ± 1.5% (0.0075 InWC)
- 62.0 Pa, - 50.0 Pa, - 37.0 Pa, - 25.0 Pa, 12.0 Pa,  0.0 Pa, 12.0 Pa, 25.0 Pa,                                        37.0 Pa, 50.0 Pa, 62.0 Pa
Tol ± 1.5% (1.8 Pa)","- 0.2500 inWC, -0.2000 inWC, -0.1500 inWC, - 0.1000 inWC, -0.0500 inWC, 0.0000 inWC, 0.0500 inWC, 0.1000 inWC, 0.1500 inWC, 0.2000 inWC, 0.2500 inWC Tol ± 1.5% (0.0075 InWC) - 62.0 Pa, - 50.0 Pa, - 37.0 Pa, - 25.0 Pa, 12.0 Pa, 0.0 Pa, 12.0 Pa, 25.0 Pa, 37.0 Pa, 50.0 Pa, 62.0 Pa Tol ± 1.5% (1.8 Pa)",format,FMT003,Limpieza de espacios en blanco,1.0,low
AT_instrumentos_original_v2.csv,Calibración/Verificación,5122,E5122,Nuevo valor,"- 0.250 inWC, -0.200 inWC, -0.150 inWC,    - 0.100 inWC, -0.050 inWC, 0.000 inWC, 0.050 inWC, 0.100 inWC, 0.150 inWC, 0.200 inWC, 0.250 inWC Tol ± 0.001 InWC -62.0 Pa, -50.0 Pa, -37.0 Pa, -25.0 Pa, 12.0 Pa,  0.0 Pa, 12.0 Pa, 25.0 Pa, 37.0 Pa, 50.0 Pa, 62.0 Pa","- 0.250 inWC, -0.200 inWC, -0.150 inWC, - 0.100 inWC, -0.050 inWC, 0.000 inWC, 0.050 inWC, 0.100 inWC, 0.150 inWC, 0.200 inWC, 0.250 inWC Tol ± 0.001 InWC -62.0 Pa, -50.0 Pa, -37.0 Pa, -25.0 Pa, 12.0 Pa, 0.0 Pa, 12.0 Pa, 25.0 Pa, 37.0 Pa, 50.0 Pa, 62.0 Pa",format,FMT003,Limpieza de espacios en blanco,1.0,low
AT_instrumentos_original_v2.csv,Calibración/Verificación,5132,D5132,Valor anterior,"100.00  μL (Tol ±0.90 µL), 500.00  μL (Tol.±3.5 µL), 1000.00  μL (Tol.±6.00 µL)","100.00 μL (Tol ±0.90 µL), 500.00 μL (Tol.±3.5 µL), 1000.00 μL (Tol.±6.00 µL)",format,FMT003,Limpieza de espacios en blanco,1.0,low
AT_instrumentos_original_v2.csv,Calibración/Verificación,5132,E5132,Nuevo valor,"100.00  μL (Tol ±8 µL), 500.00  μL (Tol.±8 µL), 1000.00  μL (Tol.±8 µL)","100.00 μL (Tol ±8 µL), 500.00 μL (Tol.±8 µL), 1000.00 μL (Tol.±8 µL)",format,FMT003,Limpieza de espacios en blanco,1.0,low
AT_instrumentos_original_v2.csv,Calibración/Verificación,5134,D5134,Valor anterior,"Dimensión externa: 
0.00 mm,5.00 mm,80.00 mm,152.00 mm Tol ±0.02 mm
Profundidad: 
0.00 mm,5.00 mm, 50.00,152.00 mm Tol ±0.02 mm
Dimensión interna: 
0.00 mm, 5.00 mm, 80.00 mm,152.00 mm Tol ±0.02 mm","Dimensión externa: 0.00 mm,5.00 mm,80.00 mm,152.00 mm Tol ±0.02 mm Profundidad: 0.00 mm,5.00 mm, 50.00,152.00 mm Tol ±0.02 mm Dimensión interna: 0.00 mm, 5.00 mm, 80.00 mm,152.00 mm Tol ±0.02 mm",format,FMT003,Limpieza de espacios en blanco,1.0,low
AT_instrumentos_original_v2.csv,Calibración/Verificación,5134,E5134,Nuevo valor,"Dimensión externa: 
0.00 mm,5.00 mm,80.00 mm,150.00 mm Tol ±0.02 mm
Profundidad: 
0.00 mm,5.00 mm, 50.00,150.00 mm Tol ±0.02 mm
Dimensión interna: 
0.00 mm, 5.00 mm, 80.00 mm,150.00 mm Tol ±0.02 mm","Dimensión externa: 0.00 mm,5.00 mm,80.00 mm,150.00 mm Tol ±0.02 mm Profundidad: 0.00 mm,5.00 mm, 50.00,150.00 mm Tol ±0.02 mm Dimensión interna: 0.00 mm, 5.00 mm, 80.00 mm,150.00 mm Tol ±0.02 mm",format,FMT003,Limpieza de espacios en blanco,1.0,low
LM_instrumentos_original_v2.csv,AGM-DA-01,12,G12,Ubicación,Análisis Fisicoquímicos ,Análisis Fisicoquímicos,format,FMT003,Limpieza de espacios en blanco,1.0,low
LM_instrumentos_original_v2.csv,ANE-VA-01,21,F21,Departamento responsable,Validación ,Validación,format,FMT003,Limpieza de espacios en blanco,1.0,low
LM_instrumentos_original_v2.csv,ANE-VA-02,22,B22,Marca,Extech Instrument,Extech Instruments,homologation,HOM002,Estandarización de nombres de marcas,0.9,medium
LM_instrumentos_original_v2.csv,ANE-VA-02,22,F22,Departamento responsable,Validación ,Validación,format,FMT003,Limpieza de espacios en blanco,1.0,low
LM_instrumentos_original_v2.csv,BAA-CP-01,24,B24,Marca,Ohaus,OHAUS,homologation,HOM002,Estandarización de nombres de marcas,0.9,medium
LM_instrumentos_original_v2.csv,BAA-CP-03,26,B26,Marca,Ohaus,OHAUS,homologation,HOM002,Estandarización de nombres de marcas,0.9,medium
LM_instrumentos_original_v2.csv,BAE-LC-01,33,B33,Marca,Ohaus,OHAUS,homologation,HOM002,Estandarización de nombres de marcas,0.9,medium
LM_instrumentos_original_v2.csv,BAE-LC-02,34,B34,Marca,Ohaus,OHAUS,homologation,HOM002,Estandarización de nombres de marcas,0.9,medium
LM_instrumentos_original_v2.csv,BAM-LC-02,41,G41,Ubicación,Análisis Fisicoquímicos ,Análisis Fisicoquímicos,format,FMT003,Limpieza de espacios en blanco,1.0,low
LM_instrumentos_original_v2.csv,BAS-AL-04,44,C44,Modelo,DBB Jr. ,DBB Jr.,format,FMT003,Limpieza de espacios en blanco,1.0,low
LM_instrumentos_original_v2.csv,BAS-AL-06,46,C46,Modelo,DBB Jr. ,DBB Jr.,format,FMT003,Limpieza de espacios en blanco,1.0,low
LM_instrumentos_original_v2.csv,BAS-AM-01,51,C51,Modelo,DBB Jr. ,DBB Jr.,format,FMT003,Limpieza de espacios en blanco,1.0,low
LM_instrumentos_original_v2.csv,BAS-PR-06,54,F54,Departamento responsable,Fabricación ,Fabricación,format,FMT003,Limpieza de espacios en blanco,1.0,low
LM_instrumentos_original_v2.csv,BAS-PR-11,59,F59,Departamento responsable,Fabricación ,Fabricación,format,FMT003,Limpieza de espacios en blanco,1.0,low
LM_instrumentos_original_v2.csv,BAS-PR-16,64,F64,Departamento responsable,Fabricación ,Fabricación,format,FMT003,Limpieza de espacios en blanco,1.0,low
LM_instrumentos_original_v2.csv,BAS-FR-18,66,F66,Departamento responsable,Fabricación ,Fabricación,format,FMT003,Limpieza de espacios en blanco,1.0,low
LM_instrumentos_original_v2.csv,BAS-FR-19,67,G67,Ubicación,Encapsulado y Abrillantado #5  ,Encapsulado y Abrillantado #5,format,FMT003,Limpieza de espacios en blanco,1.0,low
LM_instrumentos_original_v2.csv,BAS-FR-20,68,A68,Instrumento,Bascula digital,Báscula digital,homologation,HOM001,Corrección ortográfica de nombres de instrumentos,0.95,low
LM_instrumentos_original_v2.csv,BOP-PR-01,73,B73,Marca,Watson marlow,Watson Marlow,homologation,HOM002,Estandarización de nombres de marcas,0.9,medium
LM_instrumentos_original_v2.csv,COP-VA-02,92,F92,Departamento responsable,Validación ,Validación,format,FMT003,Limpieza de espacios en blanco,1.0,low
LM_instrumentos_original_v2.csv,CRO-DF-01,98,B98,Marca,Extech,Extech Instruments,homologation,HOM002,Estandarización de nombres de marcas,0.9,medium
LM_instrumentos_original_v2.csv,CRO-CP-01,99,G99,Ubicación,Control en Proceso ,Control en Proceso,format,FMT003,Limpieza de espacios en blanco,1.0,low
LM_instrumentos_original_v2.csv,CRO-VA-02,108,B108,Marca,Extech Instrument,Extech Instruments,homologation,HOM002,Estandarización de nombres de marcas,0.9,medium
LM_instrumentos_original_v2.csv,ELE-DA-01,120,B120,Marca,HANNA instruments,HANNA Instruments,homologation,HOM002,Estandarización de nombres de marcas,0.9,medium
LM_instrumentos_original_v2.csv,ELE-DA-04,123,B123,Marca,HANNA instruments,HANNA Instruments,homologation,HOM002,Estandarización de nombres de marcas,0.9,medium
LM_instrumentos_original_v2.csv,ELE-LC-01,126,B126,Marca,HANNA instruments,HANNA Instruments,homologation,HOM002,Estandarización de nombres de marcas,0.9,medium
LM_instrumentos_original_v2.csv,ELE-LC-02,127,B127,Marca,HANNA instruments,HANNA Instruments,homologation,HOM002,Estandarización de nombres de marcas,0.9,medium
LM_instrumentos_original_v2.csv,ELE-LC-03,128,B128,Marca,OAKTON,Oakton,homologation,HOM002,Estandarización de nombres de marcas,0.9,medium
LM_instrumentos_original_v2.csv,ELE-LC-04,129,B129,Marca,OAKTON,Oakton,homologation,HOM002,Estandarización de nombres de marcas,0.9,medium
LM_instrumentos_original_v2.csv,ELE-LC-05,130,B130,Marca,OAKTON,Oakton,homologation,HOM002,Estandarización de nombres de marcas,0.9,medium
LM_instrumentos_original_v2.csv,ELE-LC-06,131,B131,Marca,OAKTON,Oakton,homologation,HOM002,Estandarización de nombres de marcas,0.9,medium
LM_instrumentos_original_v2.csv,ELE-LC-07,132,B132,Marca,OAKTON,Oakton,homologation,HOM002,Estandarización de nombres de marcas,0.9,medium
LM_instrumentos_original_v2.csv,ELE-LC-12,137,B137,Marca,Hanna Instruments,HANNA Instruments,homologation,HOM002,Estandarización de nombres de marcas,0.9,medium
LM_instrumentos_original_v2.csv,ELE-LC-12,137,G137,Ubicación,Análisis Físicoquímicos ,Análisis Físicoquímicos,format,FMT003,Limpieza de espacios en blanco,1.0,low
LM_instrumentos_original_v2.csv,ELE-MI-01,138,B138,Marca,Thermo Eutech ,Thermo Eutech,format,FMT003,Limpieza de espacios en blanco,1.0,low
LM_instrumentos_original_v2.csv,LUX-DA-01,150,A150,Instrumento,Luxometro,Luxómetro,homologation,HOM001,Corrección ortográfica de nombres de instrumentos,0.95,low
LM_instrumentos_original_v2.csv,LUX-DA-01,150,B150,Marca,Hanna Instruments,HANNA Instruments,homologation,HOM002,Estandarización de nombres de marcas,0.9,medium
LM_instrumentos_original_v2.csv,MAE-PR-01,152,A152,Instrumento,Manómetro ,Manómetro,format,FMT003,Limpieza de espacios en blanco,1.0,low
LM_instrumentos_original_v2.csv,MAB-PR-01,160,A160,Instrumento,Manómetro ,Manómetro,format,FMT003,Limpieza de espacios en blanco,1.0,low
LM_instrumentos_original_v2.csv,MAB-PR-02,161,A161,Instrumento,Manómetro ,Manómetro,format,FMT003,Limpieza de espacios en blanco,1.0,low
LM_instrumentos_original_v2.csv,MAP-PR-10,227,F227,Departamento responsable,Fabricación ,Fabricación,format,FMT003,Limpieza de espacios en blanco,1.0,low
LM_instrumentos_original_v2.csv,MAP-PR-11,228,F228,Departamento responsable,Fabricación ,Fabricación,format,FMT003,Limpieza de espacios en blanco,1.0,low
LM_instrumentos_original_v2.csv,MAP-FR-14,231,F231,Departamento responsable,Fabricación ,Fabricación,format,FMT003,Limpieza de espacios en blanco,1.0,low
LM_instrumentos_original_v2.csv,MAP-FR-15,232,F232,Departamento responsable,Fabricación ,Fabricación,format,FMT003,Limpieza de espacios en blanco,1.0,low
LM_instrumentos_original_v2.csv,MAD-LC-02,265,G265,Ubicación,Microbiología ,Microbiología,format,FMT003,Limpieza de espacios en blanco,1.0,low
LM_instrumentos_original_v2.csv,MAD-PR-39,313,G313,Ubicación,Recubrimiento ,Recubrimiento,format,FMT003,Limpieza de espacios en blanco,1.0,low
LM_instrumentos_original_v2.csv,MAS-CP-01,339,B339,Marca,Ohaus,OHAUS,homologation,HOM002,Estandarización de nombres de marcas,0.9,medium
LM_instrumentos_original_v2.csv,MAS-CP-01,339,G339,Ubicación,Recepción de Material de Envase y Empaque ,Recepción de Material de Envase y Empaque,format,FMT003,Limpieza de espacios en blanco,1.0,low
LM_instrumentos_original_v2.csv,MIM-MA-01,350,A350,Instrumento,Micrometro,Micrómetro,homologation,HOM001,Corrección ortográfica de nombres de instrumentos,0.95,low
LM_instrumentos_original_v2.csv,MIM-CP-01,351,A351,Instrumento,Micrometro,Micrómetro,homologation,HOM001,Corrección ortográfica de nombres de instrumentos,0.95,low
LM_instrumentos_original_v2.csv,MUT-MA-01,383,A383,Instrumento,Multimetro,Multímetro,homologation,HOM001,Corrección ortográfica de nombres de instrumentos,0.95,low
LM_instrumentos_original_v2.csv,MUL-LC-03,389,A389,Instrumento,Medidor multiparamétrico ,Medidor multiparamétrico,format,FMT003,Limpieza de espacios en blanco,1.0,low
LM_instrumentos_original_v2.csv,PES-VA-01,401,F401,Departamento responsable,Validación ,Validación,format,FMT003,Limpieza de espacios en blanco,1.0,low
LM_instrumentos_original_v2.csv,REG-VA-01,412,A412,Instrumento,Registrador de temperatura ,Registrador de temperatura,format,FMT003,Limpieza de espacios en blanco,1.0,low
LM_instrumentos_original_v2.csv,REG-VA-01,412,F412,Departamento responsable,Validación ,Validación,format,FMT003,Limpieza de espacios en blanco,1.0,low
LM_instrumentos_original_v2.csv,REG-VA-02,413,A413,Instrumento,Registrador de temperatura ,Registrador de temperatura,format,FMT003,Limpieza de espacios en blanco,1.0,low
LM_instrumentos_original_v2.csv,REG-VA-02,413,F413,Departamento responsable,Validación ,Validación,format,FMT003,Limpieza de espacios en blanco,1.0,low
LM_instrumentos_original_v2.csv,DAT-LO-07,421,F421,Departamento responsable,Validación ,Validación,format,FMT003,Limpieza de espacios en blanco,1.0,low
LM_instrumentos_original_v2.csv,DAT-LO-09,423,F423,Departamento responsable,Validación ,Validación,format,FMT003,Limpieza de espacios en blanco,1.0,low
LM_instrumentos_original_v2.csv,SEN-VA-01,507,F507,Departamento responsable,Validación ,Validación,format,FMT003,Limpieza de espacios en blanco,1.0,low
LM_instrumentos_original_v2.csv,FIL-MA-02,513,C513,Modelo,"HET5SAML1C
HET9SAML1C",HET5SAML1C HET9SAML1C,format,FMT003,Limpieza de espacios en blanco,1.0,low
LM_instrumentos_original_v2.csv,FIL-MA-05,515,C515,Modelo,"MS9-LWS-G-U-V
MS6-LF-1/2-CRM
MS6-LFM-1/2-BUV-HF-DA
MS6-LFM-1/2-AUV-HF-DA
MS6-LFM-1/2-AR-HF-DA:*W",MS9-LWS-G-U-V MS6-LF-1/2-CRM MS6-LFM-1/2-BUV-HF-DA MS6-LFM-1/2-AUV-HF-DA MS6-LFM-1/2-AR-HF-DA:*W,format,FMT003,Limpieza de espacios en blanco,1.0,low
LM_instrumentos_original_v2.csv,FIL-MA-06,516,C516,Modelo,"AW-20
AM250C
AMD250C",AW-20 AM250C AMD250C,format,FMT003,Limpieza de espacios en blanco,1.0,low
LM_instrumentos_original_v2.csv,FIL-MA-07,517,C517,Modelo,"AW-20
AM250C
AMD250C",AW-20 AM250C AMD250C,format,FMT003,Limpieza de espacios en blanco,1.0,low
LM_instrumentos_original_v2.csv,FIL-MA-08,518,C518,Modelo,"AFR 2000
AL 2000",AFR 2000 AL 2000,format,FMT003,Limpieza de espacios en blanco,1.0,low
LM_instrumentos_original_v2.csv,FIL-MA-09,519,C519,Modelo,"MS6-LF-1/2-CRV
MS6-LFM-1/2-BRM-DA
MS6-LFM-1/2-ARV-DA",MS6-LF-1/2-CRV MS6-LFM-1/2-BRM-DA MS6-LFM-1/2-ARV-DA,format,FMT003,Limpieza de espacios en blanco,1.0,low
LM_instrumentos_original_v2.csv,TAC-CP-01,524,G524,Ubicación,Control en Proceso ,Control en Proceso,format,FMT003,Limpieza de espacios en blanco,1.0,low
LM_instrumentos_original_v2.csv,TAC-VA-01,525,F525,Departamento responsable,Validación ,Validación,format,FMT003,Limpieza de espacios en blanco,1.0,low
LM_instrumentos_original_v2.csv,TEB-CP-01,529,G529,Ubicación,Control en Proceso ,Control en Proceso,format,FMT003,Limpieza de espacios en blanco,1.0,low
LM_instrumentos_original_v2.csv,TER-AL-01,530,B530,Marca,Extech Instrument,Extech Instruments,homologation,HOM002,Estandarización de nombres de marcas,0.9,medium
LM_instrumentos_original_v2.csv,TER-AL-02,531,B531,Marca,Extech Instrument,Extech Instruments,homologation,HOM002,Estandarización de nombres de marcas,0.9,medium
LM_instrumentos_original_v2.csv,TER-AL-03,532,B532,Marca,Extech Instrument,Extech Instruments,homologation,HOM002,Estandarización de nombres de marcas,0.9,medium
LM_instrumentos_original_v2.csv,TER-AL-04,533,B533,Marca,Extech Instrument,Extech Instruments,homologation,HOM002,Estandarización de nombres de marcas,0.9,medium
LM_instrumentos_original_v2.csv,TER-AL-05,534,B534,Marca,Extech Instrument,Extech Instruments,homologation,HOM002,Estandarización de nombres de marcas,0.9,medium
LM_instrumentos_original_v2.csv,TER-AL-06,535,B535,Marca,Extech Instrument,Extech Instruments,homologation,HOM002,Estandarización de nombres de marcas,0.9,medium
LM_instrumentos_original_v2.csv,TER-CP-01,536,B536,Marca,Extech Instrument,Extech Instruments,homologation,HOM002,Estandarización de nombres de marcas,0.9,medium
LM_instrumentos_original_v2.csv,TER-CP-02,537,B537,Marca,Extech Instrument,Extech Instruments,homologation,HOM002,Estandarización de nombres de marcas,0.9,medium
LM_instrumentos_original_v2.csv,TER-CP-03,538,B538,Marca,Extech Instrument,Extech Instruments,homologation,HOM002,Estandarización de nombres de marcas,0.9,medium
LM_instrumentos_original_v2.csv,TER-CP-04,539,B539,Marca,Extech Instrument,Extech Instruments,homologation,HOM002,Estandarización de nombres de marcas,0.9,medium
LM_instrumentos_original_v2.csv,TER-CP-05,540,B540,Marca,Extech Instrument,Extech Instruments,homologation,HOM002,Estandarización de nombres de marcas,0.9,medium
LM_instrumentos_original_v2.csv,TER-CP-06,541,B541,Marca,Extech Instrument,Extech Instruments,homologation,HOM002,Estandarización de nombres de marcas,0.9,medium
LM_instrumentos_original_v2.csv,TER-LC-01,543,B543,Marca,Extech Instrument,Extech Instruments,homologation,HOM002,Estandarización de nombres de marcas,0.9,medium
LM_instrumentos_original_v2.csv,TER-LC-02,544,B544,Marca,Extech Instrument,Extech Instruments,homologation,HOM002,Estandarización de nombres de marcas,0.9,medium
LM_instrumentos_original_v2.csv,TER-LC-03,545,B545,Marca,Extech Instrument,Extech Instruments,homologation,HOM002,Estandarización de nombres de marcas,0.9,medium
LM_instrumentos_original_v2.csv,TER-LC-04,546,B546,Marca,Extech Instrument,Extech Instruments,homologation,HOM002,Estandarización de nombres de marcas,0.9,medium
LM_instrumentos_original_v2.csv,TER-LC-05,547,B547,Marca,Extech Instrument,Extech Instruments,homologation,HOM002,Estandarización de nombres de marcas,0.9,medium
LM_instrumentos_original_v2.csv,TER-LC-06,548,B548,Marca,Extech Instrument,Extech Instruments,homologation,HOM002,Estandarización de nombres de marcas,0.9,medium
LM_instrumentos_original_v2.csv,TER-LC-07,549,B549,Marca,Extech Instrument,Extech Instruments,homologation,HOM002,Estandarización de nombres de marcas,0.9,medium
LM_instrumentos_original_v2.csv,TER-LC-08,550,B550,Marca,Extech Instrument,Extech Instruments,homologation,HOM002,Estandarización de nombres de marcas,0.9,medium
LM_instrumentos_original_v2.csv,TER-LC-10,551,B551,Marca,Extech Instrument,Extech Instruments,homologation,HOM002,Estandarización de nombres de marcas,0.9,medium
LM_instrumentos_original_v2.csv,TER-LC-11,552,B552,Marca,Extech Instrument,Extech Instruments,homologation,HOM002,Estandarización de nombres de marcas,0.9,medium
LM_instrumentos_original_v2.csv,TER-LC-12,553,B553,Marca,Extech Instrument,Extech Instruments,homologation,HOM002,Estandarización de nombres de marcas,0.9,medium
LM_instrumentos_original_v2.csv,TER-LC-14,554,B554,Marca,Extech Instrument,Extech Instruments,homologation,HOM002,Estandarización de nombres de marcas,0.9,medium
LM_instrumentos_original_v2.csv,TER-LC-15,555,B555,Marca,Extech Instrument,Extech Instruments,homologation,HOM002,Estandarización de nombres de marcas,0.9,medium
LM_instrumentos_original_v2.csv,TER-LC-16,556,B556,Marca,Extech Instrument,Extech Instruments,homologation,HOM002,Estandarización de nombres de marcas,0.9,medium
LM_instrumentos_original_v2.csv,TER-LC-17,557,B557,Marca,Extech Instrument,Extech Instruments,homologation,HOM002,Estandarización de nombres de marcas,0.9,medium
LM_instrumentos_original_v2.csv,TER-LC-18,558,A558,Instrumento,Termohigrometro,Termohigrómetro,homologation,HOM001,Corrección ortográfica de nombres de instrumentos,0.95,low
LM_instrumentos_original_v2.csv,TER-LC-18,558,B558,Marca,Extech Instrument,Extech Instruments,homologation,HOM002,Estandarización de nombres de marcas,0.9,medium
LM_instrumentos_original_v2.csv,TER-LC-19,559,A559,Instrumento,Termohigrometro,Termohigrómetro,homologation,HOM001,Corrección ortográfica de nombres de instrumentos,0.95,low
LM_instrumentos_original_v2.csv,TER-LC-20,560,A560,Instrumento,Termohigrometro,Termohigrómetro,homologation,HOM001,Corrección ortográfica de nombres de instrumentos,0.95,low
LM_instrumentos_original_v2.csv,TER-LC-21,561,A561,Instrumento,Termohigrometro,Termohigrómetro,homologation,HOM001,Corrección ortográfica de nombres de instrumentos,0.95,low
LM_instrumentos_original_v2.csv,TER-LC-22,562,A562,Instrumento,Termohigrometro,Termohigrómetro,homologation,HOM001,Corrección ortográfica de nombres de instrumentos,0.95,low
LM_instrumentos_original_v2.csv,TER-LC-23,563,A563,Instrumento,Termohigrometro,Termohigrómetro,homologation,HOM001,Corrección ortográfica de nombres de instrumentos,0.95,low
LM_instrumentos_original_v2.csv,TER-LC-24,564,A564,Instrumento,Termohigrometro,Termohigrómetro,homologation,HOM001,Corrección ortográfica de nombres de instrumentos,0.95,low
LM_instrumentos_original_v2.csv,TER-LC-25,565,A565,Instrumento,Termohigrometro,Termohigrómetro,homologation,HOM001,Corrección ortográfica de nombres de instrumentos,0.95,low
LM_instrumentos_original_v2.csv,TER-LO-01,567,B567,Marca,Extech Instrument,Extech Instruments,homologation,HOM002,Estandarización de nombres de marcas,0.9,medium
LM_instrumentos_original_v2.csv,TER-PR-01,569,B569,Marca,Extech Instrument,Extech Instruments,homologation,HOM002,Estandarización de nombres de marcas,0.9,medium
LM_instrumentos_original_v2.csv,TER-PR-03,570,B570,Marca,Extech Instrument,Extech Instruments,homologation,HOM002,Estandarización de nombres de marcas,0.9,medium
LM_instrumentos_original_v2.csv,TER-PR-04,571,B571,Marca,Extech Instrument,Extech Instruments,homologation,HOM002,Estandarización de nombres de marcas,0.9,medium
LM_instrumentos_original_v2.csv,TER-PR-04,571,G571,Ubicación,Almacén de Material de Empaque ,Almacén de Material de Empaque,format,FMT003,Limpieza de espacios en blanco,1.0,low
LM_instrumentos_original_v2.csv,TER-PR-05,572,B572,Marca,Extech Instrument,Extech Instruments,homologation,HOM002,Estandarización de nombres de marcas,0.9,medium
LM_instrumentos_original_v2.csv,TER-PR-06,573,B573,Marca,Extech Instrument,Extech Instruments,homologation,HOM002,Estandarización de nombres de marcas,0.9,medium
LM_instrumentos_original_v2.csv,TER-PR-08,574,B574,Marca,Extech Instrument,Extech Instruments,homologation,HOM002,Estandarización de nombres de marcas,0.9,medium
LM_instrumentos_original_v2.csv,TER-PR-10,575,B575,Marca,Extech Instrument,Extech Instruments,homologation,HOM002,Estandarización de nombres de marcas,0.9,medium
LM_instrumentos_original_v2.csv,TER-PR-11,576,B576,Marca,Extech Instrument,Extech Instruments,homologation,HOM002,Estandarización de nombres de marcas,0.9,medium
LM_instrumentos_original_v2.csv,TER-PR-12,577,B577,Marca,Extech Instrument,Extech Instruments,homologation,HOM002,Estandarización de nombres de marcas,0.9,medium
LM_instrumentos_original_v2.csv,TER-PR-13,578,B578,Marca,Extech Instrument,Extech Instruments,homologation,HOM002,Estandarización de nombres de marcas,0.9,medium
LM_instrumentos_original_v2.csv,TER-PR-17,582,B582,Marca,Extech Instrument,Extech Instruments,homologation,HOM002,Estandarización de nombres de marcas,0.9,medium
LM_instrumentos_original_v2.csv,TER-PR-19,584,B584,Marca,Extech Instrument,Extech Instruments,homologation,HOM002,Estandarización de nombres de marcas,0.9,medium
LM_instrumentos_original_v2.csv,TER-PR-21,586,B586,Marca,Extech Instrument,Extech Instruments,homologation,HOM002,Estandarización de nombres de marcas,0.9,medium
LM_instrumentos_original_v2.csv,TER-PR-21,586,F586,Departamento responsable,Fabricación ,Fabricación,format,FMT003,Limpieza de espacios en blanco,1.0,low
LM_instrumentos_original_v2.csv,TER-PR-24,587,B587,Marca,Extech Instrument,Extech Instruments,homologation,HOM002,Estandarización de nombres de marcas,0.9,medium
LM_instrumentos_original_v2.csv,TER-PR-25,588,B588,Marca,Extech Instrument,Extech Instruments,homologation,HOM002,Estandarización de nombres de marcas,0.9,medium
LM_instrumentos_original_v2.csv,TER-PR-26,589,B589,Marca,Extech Instrument,Extech Instruments,homologation,HOM002,Estandarización de nombres de marcas,0.9,medium
LM_instrumentos_original_v2.csv,TER-PR-27,590,B590,Marca,Extech Instrument,Extech Instruments,homologation,HOM002,Estandarización de nombres de marcas,0.9,medium
LM_instrumentos_original_v2.csv,TER-PR-28,591,B591,Marca,Extech Instrument,Extech Instruments,homologation,HOM002,Estandarización de nombres de marcas,0.9,medium
LM_instrumentos_original_v2.csv,TER-PR-29,592,B592,Marca,Extech Instrument,Extech Instruments,homologation,HOM002,Estandarización de nombres de marcas,0.9,medium
LM_instrumentos_original_v2.csv,TER-PR-30,593,B593,Marca,Extech Instrument,Extech Instruments,homologation,HOM002,Estandarización de nombres de marcas,0.9,medium
LM_instrumentos_original_v2.csv,TER-PR-31,594,B594,Marca,Extech Instrument,Extech Instruments,homologation,HOM002,Estandarización de nombres de marcas,0.9,medium
LM_instrumentos_original_v2.csv,TER-PR-32,595,B595,Marca,Extech Instrument,Extech Instruments,homologation,HOM002,Estandarización de nombres de marcas,0.9,medium
LM_instrumentos_original_v2.csv,TER-PR-33,596,B596,Marca,Extech Instrument,Extech Instruments,homologation,HOM002,Estandarización de nombres de marcas,0.9,medium
LM_instrumentos_original_v2.csv,TER-PR-34,597,B597,Marca,Extech Instrument,Extech Instruments,homologation,HOM002,Estandarización de nombres de marcas,0.9,medium
LM_instrumentos_original_v2.csv,TER-PR-35,598,B598,Marca,Extech Instrument,Extech Instruments,homologation,HOM002,Estandarización de nombres de marcas,0.9,medium
LM_instrumentos_original_v2.csv,TER-FR-36,599,A599,Instrumento,Termohigrometro,Termohigrómetro,homologation,HOM001,Corrección ortográfica de nombres de instrumentos,0.95,low
LM_instrumentos_original_v2.csv,TER-FR-36,599,B599,Marca,Extech Instrument,Extech Instruments,homologation,HOM002,Estandarización de nombres de marcas,0.9,medium
LM_instrumentos_original_v2.csv,TER-FR-36,599,F599,Departamento responsable,Fabricación ,Fabricación,format,FMT003,Limpieza de espacios en blanco,1.0,low
LM_instrumentos_original_v2.csv,TER-FR-37,600,A600,Instrumento,Termohigrometro,Termohigrómetro,homologation,HOM001,Corrección ortográfica de nombres de instrumentos,0.95,low
LM_instrumentos_original_v2.csv,TER-FR-37,600,B600,Marca,Extech Instrument,Extech Instruments,homologation,HOM002,Estandarización de nombres de marcas,0.9,medium
LM_instrumentos_original_v2.csv,TER-FR-38,601,A601,Instrumento,Termohigrometro,Termohigrómetro,homologation,HOM001,Corrección ortográfica de nombres de instrumentos,0.95,low
LM_instrumentos_original_v2.csv,TER-FR-38,601,B601,Marca,Extech Instrument,Extech Instruments,homologation,HOM002,Estandarización de nombres de marcas,0.9,medium
LM_instrumentos_original_v2.csv,TER-VA-02,606,B606,Marca,Extech Instrument,Extech Instruments,homologation,HOM002,Estandarización de nombres de marcas,0.9,medium
LM_instrumentos_original_v2.csv,TER-VA-03,607,B607,Marca,Extech Instrument,Extech Instruments,homologation,HOM002,Estandarización de nombres de marcas,0.9,medium
LM_instrumentos_original_v2.csv,TER-VA-04,608,B608,Marca,Extech Instrument,Extech Instruments,homologation,HOM002,Estandarización de nombres de marcas,0.9,medium
LM_instrumentos_original_v2.csv,TER-VA-05,609,B609,Marca,Extech Instrument,Extech Instruments,homologation,HOM002,Estandarización de nombres de marcas,0.9,medium
LM_instrumentos_original_v2.csv,TER-VA-06,610,B610,Marca,Extech Instrument,Extech Instruments,homologation,HOM002,Estandarización de nombres de marcas,0.9,medium
LM_instrumentos_original_v2.csv,TER-VA-07,611,B611,Marca,Extech Instrument,Extech Instruments,homologation,HOM002,Estandarización de nombres de marcas,0.9,medium
LM_instrumentos_original_v2.csv,TER-VA-08,612,B612,Marca,Extech Instrument,Extech Instruments,homologation,HOM002,Estandarización de nombres de marcas,0.9,medium
LM_instrumentos_original_v2.csv,TER-VA-09,613,B613,Marca,Extech Instrument,Extech Instruments,homologation,HOM002,Estandarización de nombres de marcas,0.9,medium
LM_instrumentos_original_v2.csv,TER-VA-10,614,B614,Marca,Extech Instrument,Extech Instruments,homologation,HOM002,Estandarización de nombres de marcas,0.9,medium
LM_instrumentos_original_v2.csv,TER-VA-11,615,B615,Marca,Extech Instrument,Extech Instruments,homologation,HOM002,Estandarización de nombres de marcas,0.9,medium
LM_instrumentos_original_v2.csv,TER-VA-12,616,B616,Marca,Extech Instrument,Extech Instruments,homologation,HOM002,Estandarización de nombres de marcas,0.9,medium
LM_instrumentos_original_v2.csv,TER-VA-13,617,B617,Marca,Extech Instrument,Extech Instruments,homologation,HOM002,Estandarización de nombres de marcas,0.9,medium
LM_instrumentos_original_v2.csv,TER-VA-14,618,B618,Marca,Extech Instrument,Extech Instruments,homologation,HOM002,Estandarización de nombres de marcas,0.9,medium
LM_instrumentos_original_v2.csv,TER-VA-15,619,B619,Marca,Extech Instrument,Extech Instruments,homologation,HOM002,Estandarización de nombres de marcas,0.9,medium
LM_instrumentos_original_v2.csv,TER-VA-16,620,B620,Marca,Extech Instrument,Extech Instruments,homologation,HOM002,Estandarización de nombres de marcas,0.9,medium
LM_instrumentos_original_v2.csv,TER-VA-17,621,B621,Marca,Extech Instrument,Extech Instruments,homologation,HOM002,Estandarización de nombres de marcas,0.9,medium
LM_instrumentos_original_v2.csv,TER-VA-18,622,B622,Marca,Extech Instrument,Extech Instruments,homologation,HOM002,Estandarización de nombres de marcas,0.9,medium
LM_instrumentos_original_v2.csv,TER-VA-19,623,B623,Marca,Extech Instrument,Extech Instruments,homologation,HOM002,Estandarización de nombres de marcas,0.9,medium
LM_instrumentos_original_v2.csv,TER-VA-20,624,B624,Marca,Extech Instrument,Extech Instruments,homologation,HOM002,Estandarización de nombres de marcas,0.9,medium
LM_instrumentos_original_v2.csv,TER-VA-21,625,B625,Marca,Extech Instrument,Extech Instruments,homologation,HOM002,Estandarización de nombres de marcas,0.9,medium
LM_instrumentos_original_v2.csv,TER-VA-22,626,B626,Marca,Extech Instrument,Extech Instruments,homologation,HOM002,Estandarización de nombres de marcas,0.9,medium
LM_instrumentos_original_v2.csv,TER-VA-23,627,B627,Marca,Extech Instrument,Extech Instruments,homologation,HOM002,Estandarización de nombres de marcas,0.9,medium
LM_instrumentos_original_v2.csv,TER-VA-24,628,B628,Marca,Extech Instrument,Extech Instruments,homologation,HOM002,Estandarización de nombres de marcas,0.9,medium
LM_instrumentos_original_v2.csv,TER-VA-25,629,B629,Marca,Extech Instrument,Extech Instruments,homologation,HOM002,Estandarización de nombres de marcas,0.9,medium
LM_instrumentos_original_v2.csv,TER-VA-26,630,B630,Marca,Extech Instrument,Extech Instruments,homologation,HOM002,Estandarización de nombres de marcas,0.9,medium
LM_instrumentos_original_v2.csv,TER-VA-27,631,B631,Marca,Extech Instrument,Extech Instruments,homologation,HOM002,Estandarización de nombres de marcas,0.9,medium
LM_instrumentos_original_v2.csv,TER-VA-28,632,B632,Marca,Extech Instrument,Extech Instruments,homologation,HOM002,Estandarización de nombres de marcas,0.9,medium
LM_instrumentos_original_v2.csv,TER-SC-01,634,B634,Marca,Extech Instrument,Extech Instruments,homologation,HOM002,Estandarización de nombres de marcas,0.9,medium
LM_instrumentos_original_v2.csv,TEM-DA-02,636,A636,Instrumento,Termometro digital,Termómetro digital,homologation,HOM001,Corrección ortográfica de nombres de instrumentos,0.95,low
LM_instrumentos_original_v2.csv,TEM-LC-01,639,A639,Instrumento,Termómetro ,Termómetro,format,FMT003,Limpieza de espacios en blanco,1.0,low
LM_instrumentos_original_v2.csv,TEM-LC-02,640,A640,Instrumento,Termómetro ,Termómetro,format,FMT003,Limpieza de espacios en blanco,1.0,low
LM_instrumentos_original_v2.csv,TEM-LC-04,642,A642,Instrumento,Termómetro ,Termómetro,format,FMT003,Limpieza de espacios en blanco,1.0,low
LM_instrumentos_original_v2.csv,TIR-DF-01,655,A655,Instrumento,Termometro IR,Termómetro IR,homologation,HOM001,Corrección ortográfica de nombres de instrumentos,0.95,low
LM_instrumentos_original_v2.csv,TIR-LC-01,656,A656,Instrumento,Termometro IR,Termómetro IR,homologation,HOM001,Corrección ortográfica de nombres de instrumentos,0.95,low
LM_instrumentos_original_v2.csv,TRK-LC-03,661,B661,Marca,OAKTON,Oakton,homologation,HOM002,Estandarización de nombres de marcas,0.9,medium
LM_instrumentos_original_v2.csv,TRK-LC-04,662,B662,Marca,OAKTON,Oakton,homologation,HOM002,Estandarización de nombres de marcas,0.9,medium
LM_instrumentos_original_v2.csv,TRT-LC-01,667,B667,Marca,HANNA instruments,HANNA Instruments,homologation,HOM002,Estandarización de nombres de marcas,0.9,medium
LM_instrumentos_original_v2.csv,TEP-MA-01,672,A672,Instrumento,Termostato programable ,Termostato programable,format,FMT003,Limpieza de espacios en blanco,1.0,low
LM_instrumentos_original_v2.csv,TEP-MA-02,673,A673,Instrumento,Termostato programable ,Termostato programable,format,FMT003,Limpieza de espacios en blanco,1.0,low
LM_instrumentos_original_v2.csv,TEP-MA-03,674,A674,Instrumento,Termostato programable ,Termostato programable,format,FMT003,Limpieza de espacios en blanco,1.0,low
LM_instrumentos_original_v2.csv,TEP-MA-04,675,A675,Instrumento,Termostato programable ,Termostato programable,format,FMT003,Limpieza de espacios en blanco,1.0,low
LM_instrumentos_original_v2.csv,TEP-MA-05,676,A676,Instrumento,Termostato programable ,Termostato programable,format,FMT003,Limpieza de espacios en blanco,1.0,low
LM_instrumentos_original_v2.csv,TEP-MA-06,677,A677,Instrumento,Termostato programable ,Termostato programable,format,FMT003,Limpieza de espacios en blanco,1.0,low
LM_instrumentos_original_v2.csv,TEP-MA-07,678,A678,Instrumento,Termostato programable ,Termostato programable,format,FMT003,Limpieza de espacios en blanco,1.0,low
LM_instrumentos_original_v2.csv,TEP-MA-08,679,A679,Instrumento,Termostato programable ,Termostato programable,format,FMT003,Limpieza de espacios en blanco,1.0,low
LM_instrumentos_original_v2.csv,TTH-FR-01,681,B681,Marca,Novus,NOVUS,homologation,HOM002,Estandarización de nombres de marcas,0.9,medium
LM_instrumentos_original_v2.csv,VER-CP-01,682,G682,Ubicación,Control en Proceso ,Control en Proceso,format,FMT003,Limpieza de espacios en blanco,1.0,low
LM_instrumentos_original_v2.csv,VIS-DA-01,688,A688,Instrumento,Viscosimetro,Viscosímetro,homologation,HOM001,Corrección ortográfica de nombres de instrumentos,0.95,low
LM_instrumentos_original_v2.csv,LM_instrumentos_original_v2_ROW_690,690,A690,Instrumento,"ND=No disponible
NA=No aplica
Rechazado, Dado de baja= Rechazado en su calibración
Dado de baja=Pérdida, avería sin reparación, fuera de uso","ND=No disponible NA=No aplica Rechazado, Dado de baja= Rechazado en su calibración Dado de baja=Pérdida, avería sin reparación, fuera de uso",format,FMT003,Limpieza de espacios en blanco,1.0,low
PR_instrumentos_original_v2.csv,AGM-DA-01,12,G12,Ubicación,Análisis Fisicoquímicos ,Análisis Fisicoquímicos,format,FMT003,Limpieza de espacios en blanco,1.0,low
PR_instrumentos_original_v2.csv,AMP-MA-02,20,R20,Especificaciones,"DC Voltage 0.00 V Tol ± 0.50V, 10.0 V Tol.  ±0.6V, 100.0 V Tol ±1.5V, 600.0 V Tol ±6.5V
AC Voltage @ 60 Hz 0.00 V Tol ± 0.50, 10.0 V Tol ± 0.7V, 100.0 V Tol ±2.0V, 600.0 V Tol ±9.5V / 
Resistance 0.0 Ω Tol ± 0.5Ω, 100.0 Ω Tol ±1.5Ω, 400.0 Ω Tol ±4.5Ω, 1000 Ω Tol ±15Ω, 4000 Ω Tol ±45Ω / 
DC current 0.00A ± 0.05A, 10.00 A Tol ±0.25A, 40.00 A Tol ±0.85A, 100.0 A Tol ±2.5A, 400.0 A Tol ±8.5A /
AC current @60 Hz 10.00A Tol±0.25A, 40.00A Tol±0.85A, 100.0A Tol±2.5A, 400.0A Tol ±8.5A.  
Temperatua de 15°C a 70°C (tolerancia asignada por el proveedor), Capacitancia de 50 a 500 microfararios (tolerancia establecida por el proveedor).","DC Voltage 0.00 V Tol ± 0.50V, 10.0 V Tol. ±0.6V, 100.0 V Tol ±1.5V, 600.0 V Tol ±6.5V AC Voltage @ 60 Hz 0.00 V Tol ± 0.50, 10.0 V Tol ± 0.7V, 100.0 V Tol ±2.0V, 600.0 V Tol ±9.5V / Resistance 0.0 Ω Tol ± 0.5Ω, 100.0 Ω Tol ±1.5Ω, 400.0 Ω Tol ±4.5Ω, 1000 Ω Tol ±15Ω, 4000 Ω Tol ±45Ω / DC current 0.00A ± 0.05A, 10.00 A Tol ±0.25A, 40.00 A Tol ±0.85A, 100.0 A Tol ±2.5A, 400.0 A Tol ±8.5A / AC current @60 Hz 10.00A Tol±0.25A, 40.00A Tol±0.85A, 100.0A Tol±2.5A, 400.0A Tol ±8.5A. Temperatua de 15°C a 70°C (tolerancia asignada por el proveedor), Capacitancia de 50 a 500 microfararios (tolerancia establecida por el proveedor).",format,FMT003,Limpieza de espacios en blanco,1.0,low
PR_instrumentos_original_v2.csv,ANE-VA-01,21,F21,Departamento responsable,Validación ,Validación,format,FMT003,Limpieza de espacios en blanco,1.0,low
PR_instrumentos_original_v2.csv,ANE-VA-02,22,B22,Marca,Extech Instrument,Extech Instruments,homologation,HOM002,Estandarización de nombres de marcas,0.9,medium
PR_instrumentos_original_v2.csv,ANE-VA-02,22,F22,Departamento responsable,Validación ,Validación,format,FMT003,Limpieza de espacios en blanco,1.0,low
PR_instrumentos_original_v2.csv,BAA-CP-01,24,B24,Marca,Ohaus,OHAUS,homologation,HOM002,Estandarización de nombres de marcas,0.9,medium
PR_instrumentos_original_v2.csv,BAA-CP-03,26,B26,Marca,Ohaus,OHAUS,homologation,HOM002,Estandarización de nombres de marcas,0.9,medium
PR_instrumentos_original_v2.csv,BAA-DA-01,29,R29,Especificaciones,"0 mg, 1.0 mg, 2.0 mg, 20.0 mg y 50.0 mg Tol ± 0.2 mg
1 g, 2 g, 5 g, 10 g, 30 g, 50 g, 80 g, 110 g Tol ± 0.0001 g","0 mg, 1.0 mg, 2.0 mg, 20.0 mg y 50.0 mg Tol ± 0.2 mg 1 g, 2 g, 5 g, 10 g, 30 g, 50 g, 80 g, 110 g Tol ± 0.0001 g",format,FMT003,Limpieza de espacios en blanco,1.0,low
PR_instrumentos_original_v2.csv,BAA-DA-02,30,R30,Especificaciones,"0 mg, 1 mg, 2 mg, 20 mg y 50 mg Tol ± 0.2 mg
1 g, 2 g, 5 g, 10 g, 30 g, 50 g, 80 g, 110 g Tol ±0.0001 g","0 mg, 1 mg, 2 mg, 20 mg y 50 mg Tol ± 0.2 mg 1 g, 2 g, 5 g, 10 g, 30 g, 50 g, 80 g, 110 g Tol ±0.0001 g",format,FMT003,Limpieza de espacios en blanco,1.0,low
PR_instrumentos_original_v2.csv,BAA-LC-01,31,R31,Especificaciones,"0.0 mg, 1.0 mg, 50.0 mg, 75.0 mg Tol. ± 0.2 mg, 
1.0000 g, 5.0000 g, 10.0000 g, 50.0000 g, 100.0000 g, 120.0000 g. Tol. ± 0.0001 g","0.0 mg, 1.0 mg, 50.0 mg, 75.0 mg Tol. ± 0.2 mg, 1.0000 g, 5.0000 g, 10.0000 g, 50.0000 g, 100.0000 g, 120.0000 g. Tol. ± 0.0001 g",format,FMT003,Limpieza de espacios en blanco,1.0,low
PR_instrumentos_original_v2.csv,BAE-LC-01,33,B33,Marca,Ohaus,OHAUS,homologation,HOM002,Estandarización de nombres de marcas,0.9,medium
PR_instrumentos_original_v2.csv,BAE-LC-02,34,B34,Marca,Ohaus,OHAUS,homologation,HOM002,Estandarización de nombres de marcas,0.9,medium
PR_instrumentos_original_v2.csv,BSM-LC-01,36,R36,Especificaciones,"0.0 mg, 1.0 mg, 50.0 mg, 200.0 mg Tol. ± 0.2 mg, 
1.0000 g, 10.0000 g, 20.0000 g, 100.0000 g, 220.0000 g. Tol. ± 0.0002 g","0.0 mg, 1.0 mg, 50.0 mg, 200.0 mg Tol. ± 0.2 mg, 1.0000 g, 10.0000 g, 20.0000 g, 100.0000 g, 220.0000 g. Tol. ± 0.0002 g",format,FMT003,Limpieza de espacios en blanco,1.0,low
PR_instrumentos_original_v2.csv,BAM-LC-02,41,G41,Ubicación,Análisis Fisicoquímicos ,Análisis Fisicoquímicos,format,FMT003,Limpieza de espacios en blanco,1.0,low
PR_instrumentos_original_v2.csv,BAS-AL-04,44,C44,Modelo,DBB Jr. ,DBB Jr.,format,FMT003,Limpieza de espacios en blanco,1.0,low
PR_instrumentos_original_v2.csv,BAS-AL-06,46,C46,Modelo,DBB Jr. ,DBB Jr.,format,FMT003,Limpieza de espacios en blanco,1.0,low
PR_instrumentos_original_v2.csv,BAS-AM-01,51,C51,Modelo,DBB Jr. ,DBB Jr.,format,FMT003,Limpieza de espacios en blanco,1.0,low
PR_instrumentos_original_v2.csv,BAS-PR-06,54,F54,Departamento responsable,Fabricación ,Fabricación,format,FMT003,Limpieza de espacios en blanco,1.0,low
PR_instrumentos_original_v2.csv,BAS-PR-11,59,F59,Departamento responsable,Fabricación ,Fabricación,format,FMT003,Limpieza de espacios en blanco,1.0,low
PR_instrumentos_original_v2.csv,BAS-PR-16,64,F64,Departamento responsable,Fabricación ,Fabricación,format,FMT003,Limpieza de espacios en blanco,1.0,low
PR_instrumentos_original_v2.csv,BAS-FR-18,66,F66,Departamento responsable,Fabricación ,Fabricación,format,FMT003,Limpieza de espacios en blanco,1.0,low
PR_instrumentos_original_v2.csv,BAS-FR-19,67,G67,Ubicación,Encapsulado y Abrillantado #5  ,Encapsulado y Abrillantado #5,format,FMT003,Limpieza de espacios en blanco,1.0,low
PR_instrumentos_original_v2.csv,BAS-FR-20,68,A68,Instrumento,Bascula digital,Báscula digital,homologation,HOM001,Corrección ortográfica de nombres de instrumentos,0.95,low
PR_instrumentos_original_v2.csv,BAS-FR-21,69,R69,Especificaciones,"0.020 kg, 0.030 kg, 0.050 kg, 0.100 kg, 0.300 kg, 20.000 kg, 40.000 kg, 60.000 kg, 100.000 kg, 150.000 kg Tol. ± 0.005 kg                 
                        ","0.020 kg, 0.030 kg, 0.050 kg, 0.100 kg, 0.300 kg, 20.000 kg, 40.000 kg, 60.000 kg, 100.000 kg, 150.000 kg Tol. ± 0.005 kg",format,FMT003,Limpieza de espacios en blanco,1.0,low
PR_instrumentos_original_v2.csv,BAS-FR-22,70,R70,Especificaciones,"0.020 kg, 0.030 kg, 0.050 kg, 0.100 kg, 0.300 kg, 20.000 kg, 40.000 kg, 60.000 kg, 100.000 kg, 150.000 kg Tol. ± 0.005 kg                 
                        ","0.020 kg, 0.030 kg, 0.050 kg, 0.100 kg, 0.300 kg, 20.000 kg, 40.000 kg, 60.000 kg, 100.000 kg, 150.000 kg Tol. ± 0.005 kg",format,FMT003,Limpieza de espacios en blanco,1.0,low
PR_instrumentos_original_v2.csv,BAS-FR-23,71,R71,Especificaciones,"0.020 kg, 0.030 kg, 0.050 kg, 0.100 kg, 0.300 kg, 20.000 kg, 40.000 kg, 60.000 kg Tol. ± 0.005 kg
100.000 kg, 150.000 kg Tol. ± 0.010 kg                 
","0.020 kg, 0.030 kg, 0.050 kg, 0.100 kg, 0.300 kg, 20.000 kg, 40.000 kg, 60.000 kg Tol. ± 0.005 kg 100.000 kg, 150.000 kg Tol. ± 0.010 kg",format,FMT003,Limpieza de espacios en blanco,1.0,low
PR_instrumentos_original_v2.csv,BOP-PR-01,73,B73,Marca,Watson marlow,Watson Marlow,homologation,HOM002,Estandarización de nombres de marcas,0.9,medium
PR_instrumentos_original_v2.csv,COP-VA-02,92,F92,Departamento responsable,Validación ,Validación,format,FMT003,Limpieza de espacios en blanco,1.0,low
PR_instrumentos_original_v2.csv,COP-VA-02,92,R92,Especificaciones,"Flujo: 28.30 LPM ± 1.42 LPM
Tiempo de muestreo: 60.00 s ± 0.60 s
Eficiencia de conteo: 0.3 μm, 0.5 μm, 1.0 μm, 3.0 μm, 5.0 μm,10.0μm Tol ± 10%","Flujo: 28.30 LPM ± 1.42 LPM Tiempo de muestreo: 60.00 s ± 0.60 s Eficiencia de conteo: 0.3 μm, 0.5 μm, 1.0 μm, 3.0 μm, 5.0 μm,10.0μm Tol ± 10%",format,FMT003,Limpieza de espacios en blanco,1.0,low
PR_instrumentos_original_v2.csv,CRO-DF-01,98,B98,Marca,Extech,Extech Instruments,homologation,HOM002,Estandarización de nombres de marcas,0.9,medium
PR_instrumentos_original_v2.csv,CRO-DF-01,98,R98,Especificaciones,"1.00 s,  10.00 min, 30.00 min, 1.00 hr, 5.00 hr, 10.00 hr, 12.00 hr, 15.00 hr, 20.00 hr ± 1.00 s","1.00 s, 10.00 min, 30.00 min, 1.00 hr, 5.00 hr, 10.00 hr, 12.00 hr, 15.00 hr, 20.00 hr ± 1.00 s",format,FMT003,Limpieza de espacios en blanco,1.0,low
PR_instrumentos_original_v2.csv,CRO-CP-01,99,G99,Ubicación,Control en Proceso ,Control en Proceso,format,FMT003,Limpieza de espacios en blanco,1.0,low
PR_instrumentos_original_v2.csv,CRO-VA-02,108,B108,Marca,Extech Instrument,Extech Instruments,homologation,HOM002,Estandarización de nombres de marcas,0.9,medium
PR_instrumentos_original_v2.csv,DUR-CP-03,118,R118,Especificaciones,"Fuerza (Push) 20.00N, 50.00N, 100.00N, 250.00N,500.00N Tol. ±1.00N, 
Fuerza (Pull) 20.00N, 50.00N, 100.00N, 250.00N,500.00N Tol. ±1.","Fuerza (Push) 20.00N, 50.00N, 100.00N, 250.00N,500.00N Tol. ±1.00N, Fuerza (Pull) 20.00N, 50.00N, 100.00N, 250.00N,500.00N Tol. ±1.",format,FMT003,Limpieza de espacios en blanco,1.0,low
PR_instrumentos_original_v2.csv,DUR-DF-01,119,R119,Especificaciones,"Fuerza (Push) 20.00N, 50.00N, 100.00N, 250.00N,500.00N Tol. ±1.00N, 
Fuerza (Pull) 20.00N,  50.00N, 100.00N, 250.00N,500.00N Tol. ±1.","Fuerza (Push) 20.00N, 50.00N, 100.00N, 250.00N,500.00N Tol. ±1.00N, Fuerza (Pull) 20.00N, 50.00N, 100.00N, 250.00N,500.00N Tol. ±1.",format,FMT003,Limpieza de espacios en blanco,1.0,low
PR_instrumentos_original_v2.csv,ELE-DA-01,120,B120,Marca,HANNA instruments,HANNA Instruments,homologation,HOM002,Estandarización de nombres de marcas,0.9,medium
PR_instrumentos_original_v2.csv,ELE-DA-03,122,R122,Especificaciones,"Estándar KF: 0.01%,  1% y 15.6%","Estándar KF: 0.01%, 1% y 15.6%",format,FMT003,Limpieza de espacios en blanco,1.0,low
PR_instrumentos_original_v2.csv,ELE-DA-04,123,B123,Marca,HANNA instruments,HANNA Instruments,homologation,HOM002,Estandarización de nombres de marcas,0.9,medium
PR_instrumentos_original_v2.csv,ELE-LC-01,126,B126,Marca,HANNA instruments,HANNA Instruments,homologation,HOM002,Estandarización de nombres de marcas,0.9,medium
PR_instrumentos_original_v2.csv,ELE-LC-02,127,B127,Marca,HANNA instruments,HANNA Instruments,homologation,HOM002,Estandarización de nombres de marcas,0.9,medium
PR_instrumentos_original_v2.csv,ELE-LC-03,128,B128,Marca,OAKTON,Oakton,homologation,HOM002,Estandarización de nombres de marcas,0.9,medium
PR_instrumentos_original_v2.csv,ELE-LC-04,129,B129,Marca,OAKTON,Oakton,homologation,HOM002,Estandarización de nombres de marcas,0.9,medium
PR_instrumentos_original_v2.csv,ELE-LC-05,130,B130,Marca,OAKTON,Oakton,homologation,HOM002,Estandarización de nombres de marcas,0.9,medium
PR_instrumentos_original_v2.csv,ELE-LC-06,131,B131,Marca,OAKTON,Oakton,homologation,HOM002,Estandarización de nombres de marcas,0.9,medium
PR_instrumentos_original_v2.csv,ELE-LC-07,132,B132,Marca,OAKTON,Oakton,homologation,HOM002,Estandarización de nombres de marcas,0.9,medium
PR_instrumentos_original_v2.csv,ELE-LC-12,137,B137,Marca,Hanna Instruments,HANNA Instruments,homologation,HOM002,Estandarización de nombres de marcas,0.9,medium
PR_instrumentos_original_v2.csv,ELE-LC-12,137,G137,Ubicación,Análisis Físicoquímicos ,Análisis Físicoquímicos,format,FMT003,Limpieza de espacios en blanco,1.0,low
PR_instrumentos_original_v2.csv,ELE-MI-01,138,B138,Marca,Thermo Eutech ,Thermo Eutech,format,FMT003,Limpieza de espacios en blanco,1.0,low
PR_instrumentos_original_v2.csv,LUX-DA-01,150,A150,Instrumento,Luxometro,Luxómetro,homologation,HOM001,Corrección ortográfica de nombres de instrumentos,0.95,low
PR_instrumentos_original_v2.csv,LUX-DA-01,150,B150,Marca,Hanna Instruments,HANNA Instruments,homologation,HOM002,Estandarización de nombres de marcas,0.9,medium
PR_instrumentos_original_v2.csv,MAE-PR-01,152,A152,Instrumento,Manómetro ,Manómetro,format,FMT003,Limpieza de espacios en blanco,1.0,low
PR_instrumentos_original_v2.csv,MAB-PR-01,160,A160,Instrumento,Manómetro ,Manómetro,format,FMT003,Limpieza de espacios en blanco,1.0,low
PR_instrumentos_original_v2.csv,MAB-PR-02,161,A161,Instrumento,Manómetro ,Manómetro,format,FMT003,Limpieza de espacios en blanco,1.0,low
PR_instrumentos_original_v2.csv,MAP-PR-10,227,F227,Departamento responsable,Fabricación ,Fabricación,format,FMT003,Limpieza de espacios en blanco,1.0,low
PR_instrumentos_original_v2.csv,MAP-PR-11,228,F228,Departamento responsable,Fabricación ,Fabricación,format,FMT003,Limpieza de espacios en blanco,1.0,low
PR_instrumentos_original_v2.csv,MAP-FR-14,231,F231,Departamento responsable,Fabricación ,Fabricación,format,FMT003,Limpieza de espacios en blanco,1.0,low
PR_instrumentos_original_v2.csv,MAP-FR-15,232,F232,Departamento responsable,Fabricación ,Fabricación,format,FMT003,Limpieza de espacios en blanco,1.0,low
PR_instrumentos_original_v2.csv,MAV-FR-01,252,R252,Especificaciones,"0.0 inHg, -5.0 inHg, -10.0 inHg, -15.0 inHg, -20.5  inHg, -25.5 inHg, -30.0 inHg Tol. ±1.0inHg","0.0 inHg, -5.0 inHg, -10.0 inHg, -15.0 inHg, -20.5 inHg, -25.5 inHg, -30.0 inHg Tol. ±1.0inHg",format,FMT003,Limpieza de espacios en blanco,1.0,low
PR_instrumentos_original_v2.csv,MAD-LC-02,265,G265,Ubicación,Microbiología ,Microbiología,format,FMT003,Limpieza de espacios en blanco,1.0,low
PR_instrumentos_original_v2.csv,MAD-LC-04,267,R267,Especificaciones,"-0.250 inH2O, -0.150 inH2O, -0.050 inH2O, 0.000 inH2O, 0.050 inH2O, 0.150 inH2O, 0.250 inH2O  Tol: ± 0.01","-0.250 inH2O, -0.150 inH2O, -0.050 inH2O, 0.000 inH2O, 0.050 inH2O, 0.150 inH2O, 0.250 inH2O Tol: ± 0.01",format,FMT003,Limpieza de espacios en blanco,1.0,low
PR_instrumentos_original_v2.csv,MAD-LC-05,268,R268,Especificaciones,"-0.250 inH2O, -0.150 inH2O, -0.050 inH2O, 0.000 inH2O, 0.050 inH2O, 0.150 inH2O, 0.250 inH2O  Tol: ± 0.01","-0.250 inH2O, -0.150 inH2O, -0.050 inH2O, 0.000 inH2O, 0.050 inH2O, 0.150 inH2O, 0.250 inH2O Tol: ± 0.01",format,FMT003,Limpieza de espacios en blanco,1.0,low
PR_instrumentos_original_v2.csv,MAD-LC-06,269,R269,Especificaciones,"-0.250 inH2O, -0.150 inH2O, -0.050 inH2O, 0.000 inH2O, 0.050 inH2O, 0.150 inH2O, 0.250 inH2O  Tol: ± 0.01","-0.250 inH2O, -0.150 inH2O, -0.050 inH2O, 0.000 inH2O, 0.050 inH2O, 0.150 inH2O, 0.250 inH2O Tol: ± 0.01",format,FMT003,Limpieza de espacios en blanco,1.0,low
PR_instrumentos_original_v2.csv,MAD-PR-01,282,R282,Especificaciones,"-1.000 inH2O, -0.500 inH2O, -0.250 inH2O, 0.000 inH2O,  0.250 inH2O, 0.500 inH2O, 1.000 inH2O Tol: ±0.050","-1.000 inH2O, -0.500 inH2O, -0.250 inH2O, 0.000 inH2O, 0.250 inH2O, 0.500 inH2O, 1.000 inH2O Tol: ±0.050",format,FMT003,Limpieza de espacios en blanco,1.0,low
PR_instrumentos_original_v2.csv,MAD-PR-02,283,R283,Especificaciones,"-1.000 inH2O, -0.500 inH2O, -0.250 inH2O, 0.000 inH2O,  0.250 inH2O, 0.500 inH2O, 1.000 inH2O Tol: ±0.050","-1.000 inH2O, -0.500 inH2O, -0.250 inH2O, 0.000 inH2O, 0.250 inH2O, 0.500 inH2O, 1.000 inH2O Tol: ±0.050",format,FMT003,Limpieza de espacios en blanco,1.0,low
PR_instrumentos_original_v2.csv,MAD-PR-16,292,R292,Especificaciones,"-1.000 inH2O, -0.500 inH2O, -0.250 inH2O, 0.000 inH2O,  0.250 inH2O, 0.500 inH2O, 1.000 inH2O Tol: ±0.050","-1.000 inH2O, -0.500 inH2O, -0.250 inH2O, 0.000 inH2O, 0.250 inH2O, 0.500 inH2O, 1.000 inH2O Tol: ±0.050",format,FMT003,Limpieza de espacios en blanco,1.0,low
PR_instrumentos_original_v2.csv,MAD-PR-17,293,R293,Especificaciones,"-1.000 inH2O, -0.500 inH2O, -0.250 inH2O, 0.000 inH2O,  0.250 inH2O, 0.500 inH2O, 1.000 inH2O Tol: ±0.050","-1.000 inH2O, -0.500 inH2O, -0.250 inH2O, 0.000 inH2O, 0.250 inH2O, 0.500 inH2O, 1.000 inH2O Tol: ±0.050",format,FMT003,Limpieza de espacios en blanco,1.0,low
PR_instrumentos_original_v2.csv,MAD-PR-20,296,R296,Especificaciones,"-0.250 inH2O, -0.150 inH2O, -0.050 inH2O, 0.000 inH2O, 0.050 inH2O, 0.150 inH2O, 0.250 inH2O  Tol: ± 0.01","-0.250 inH2O, -0.150 inH2O, -0.050 inH2O, 0.000 inH2O, 0.050 inH2O, 0.150 inH2O, 0.250 inH2O Tol: ± 0.01",format,FMT003,Limpieza de espacios en blanco,1.0,low
PR_instrumentos_original_v2.csv,MAD-PR-21,297,R297,Especificaciones,"-0.250 inH2O, -0.150 inH2O, -0.050 inH2O, 0.000 inH2O, 0.050 inH2O, 0.150 inH2O, 0.250 inH2O  Tol: ± 0.01","-0.250 inH2O, -0.150 inH2O, -0.050 inH2O, 0.000 inH2O, 0.050 inH2O, 0.150 inH2O, 0.250 inH2O Tol: ± 0.01",format,FMT003,Limpieza de espacios en blanco,1.0,low
PR_instrumentos_original_v2.csv,MAD-PR-22,298,R298,Especificaciones,"-0.250 inH2O, -0.150 inH2O, -0.050 inH2O, 0.000 inH2O, 0.050 inH2O, 0.150 inH2O, 0.250 inH2O  Tol: ± 0.01","-0.250 inH2O, -0.150 inH2O, -0.050 inH2O, 0.000 inH2O, 0.050 inH2O, 0.150 inH2O, 0.250 inH2O Tol: ± 0.01",format,FMT003,Limpieza de espacios en blanco,1.0,low
PR_instrumentos_original_v2.csv,MAD-PR-23,299,R299,Especificaciones,"-0.250 inH2O, -0.150 inH2O, -0.050 inH2O, 0.000 inH2O, 0.050 inH2O, 0.150 inH2O, 0.250 inH2O  Tol: ± 0.01","-0.250 inH2O, -0.150 inH2O, -0.050 inH2O, 0.000 inH2O, 0.050 inH2O, 0.150 inH2O, 0.250 inH2O Tol: ± 0.01",format,FMT003,Limpieza de espacios en blanco,1.0,low
PR_instrumentos_original_v2.csv,MAD-PR-24,300,R300,Especificaciones,"-0.250 inH2O, -0.150 inH2O, -0.050 inH2O, 0.000 inH2O, 0.050 inH2O, 0.150 inH2O, 0.250 inH2O  Tol: ± 0.01","-0.250 inH2O, -0.150 inH2O, -0.050 inH2O, 0.000 inH2O, 0.050 inH2O, 0.150 inH2O, 0.250 inH2O Tol: ± 0.01",format,FMT003,Limpieza de espacios en blanco,1.0,low
PR_instrumentos_original_v2.csv,MAD-PR-26,302,R302,Especificaciones,"-0.250 inH2O, -0.150 inH2O, -0.050 inH2O, 0.000 inH2O, 0.050 inH2O, 0.150 inH2O, 0.250 inH2O  Tol: ± 0.01","-0.250 inH2O, -0.150 inH2O, -0.050 inH2O, 0.000 inH2O, 0.050 inH2O, 0.150 inH2O, 0.250 inH2O Tol: ± 0.01",format,FMT003,Limpieza de espacios en blanco,1.0,low
PR_instrumentos_original_v2.csv,MAD-PR-27,303,R303,Especificaciones,"-0.250 inH2O, -0.150 inH2O, -0.050 inH2O, 0.000 inH2O, 0.050 inH2O, 0.150 inH2O, 0.250 inH2O  Tol: ± 0.01","-0.250 inH2O, -0.150 inH2O, -0.050 inH2O, 0.000 inH2O, 0.050 inH2O, 0.150 inH2O, 0.250 inH2O Tol: ± 0.01",format,FMT003,Limpieza de espacios en blanco,1.0,low
PR_instrumentos_original_v2.csv,MAD-PR-28,304,R304,Especificaciones,"-0.250 inH2O, -0.150 inH2O, -0.050 inH2O, 0.000 inH2O, 0.050 inH2O, 0.150 inH2O, 0.250 inH2O  Tol: ± 0.01","-0.250 inH2O, -0.150 inH2O, -0.050 inH2O, 0.000 inH2O, 0.050 inH2O, 0.150 inH2O, 0.250 inH2O Tol: ± 0.01",format,FMT003,Limpieza de espacios en blanco,1.0,low
PR_instrumentos_original_v2.csv,MAD-PR-29,305,R305,Especificaciones,"-0.250 inH2O, -0.150 inH2O, -0.050 inH2O, 0.000 inH2O, 0.050 inH2O, 0.150 inH2O, 0.250 inH2O  Tol: ± 0.01","-0.250 inH2O, -0.150 inH2O, -0.050 inH2O, 0.000 inH2O, 0.050 inH2O, 0.150 inH2O, 0.250 inH2O Tol: ± 0.01",format,FMT003,Limpieza de espacios en blanco,1.0,low
PR_instrumentos_original_v2.csv,MAD-PR-30,306,R306,Especificaciones,"-0.250 inH2O, -0.150 inH2O, -0.050 inH2O, 0.000 inH2O, 0.050 inH2O, 0.150 inH2O, 0.250 inH2O  Tol: ± 0.01","-0.250 inH2O, -0.150 inH2O, -0.050 inH2O, 0.000 inH2O, 0.050 inH2O, 0.150 inH2O, 0.250 inH2O Tol: ± 0.01",format,FMT003,Limpieza de espacios en blanco,1.0,low
PR_instrumentos_original_v2.csv,MAD-PR-31,307,R307,Especificaciones,"-0.250 inH2O, -0.150 inH2O, -0.050 inH2O, 0.000 inH2O, 0.050 inH2O, 0.150 inH2O, 0.250 inH2O  Tol: ± 0.01","-0.250 inH2O, -0.150 inH2O, -0.050 inH2O, 0.000 inH2O, 0.050 inH2O, 0.150 inH2O, 0.250 inH2O Tol: ± 0.01",format,FMT003,Limpieza de espacios en blanco,1.0,low
PR_instrumentos_original_v2.csv,MAD-PR-34,308,R308,Especificaciones,"-0.250 inH2O, -0.150 inH2O, -0.050 inH2O, 0.000 inH2O, 0.050 inH2O, 0.150 inH2O, 0.250 inH2O  Tol: ± 0.01","-0.250 inH2O, -0.150 inH2O, -0.050 inH2O, 0.000 inH2O, 0.050 inH2O, 0.150 inH2O, 0.250 inH2O Tol: ± 0.01",format,FMT003,Limpieza de espacios en blanco,1.0,low
PR_instrumentos_original_v2.csv,MAD-PR-36,310,R310,Especificaciones,"-0.250 inH2O, -0.150 inH2O, -0.050 inH2O, 0.000 inH2O, 0.050 inH2O, 0.150 inH2O, 0.250 inH2O  Tol: ± 0.01","-0.250 inH2O, -0.150 inH2O, -0.050 inH2O, 0.000 inH2O, 0.050 inH2O, 0.150 inH2O, 0.250 inH2O Tol: ± 0.01",format,FMT003,Limpieza de espacios en blanco,1.0,low
PR_instrumentos_original_v2.csv,MAD-PR-37,311,R311,Especificaciones,"-0.250 inH2O, -0.150 inH2O, -0.050 inH2O, 0.000 inH2O, 0.050 inH2O, 0.150 inH2O, 0.250 inH2O  Tol: ± 0.01","-0.250 inH2O, -0.150 inH2O, -0.050 inH2O, 0.000 inH2O, 0.050 inH2O, 0.150 inH2O, 0.250 inH2O Tol: ± 0.01",format,FMT003,Limpieza de espacios en blanco,1.0,low
PR_instrumentos_original_v2.csv,MAD-PR-38,312,R312,Especificaciones,"-0.250 inH2O, -0.150 inH2O, -0.050 inH2O, 0.000 inH2O, 0.050 inH2O, 0.150 inH2O, 0.250 inH2O  Tol: ± 0.01","-0.250 inH2O, -0.150 inH2O, -0.050 inH2O, 0.000 inH2O, 0.050 inH2O, 0.150 inH2O, 0.250 inH2O Tol: ± 0.01",format,FMT003,Limpieza de espacios en blanco,1.0,low
PR_instrumentos_original_v2.csv,MAD-PR-39,313,G313,Ubicación,Recubrimiento ,Recubrimiento,format,FMT003,Limpieza de espacios en blanco,1.0,low
PR_instrumentos_original_v2.csv,MAD-PR-39,313,R313,Especificaciones,"-0.250 inH2O, -0.150 inH2O, -0.050 inH2O, 0.000 inH2O, 0.050 inH2O, 0.150 inH2O, 0.250 inH2O  Tol: ± 0.01","-0.250 inH2O, -0.150 inH2O, -0.050 inH2O, 0.000 inH2O, 0.050 inH2O, 0.150 inH2O, 0.250 inH2O Tol: ± 0.01",format,FMT003,Limpieza de espacios en blanco,1.0,low
PR_instrumentos_original_v2.csv,MAD-PR-40,314,R314,Especificaciones,"-0.250 inH2O, -0.150 inH2O, -0.050 inH2O, 0.000 inH2O, 0.050 inH2O, 0.150 inH2O, 0.250 inH2O  Tol: ± 0.01","-0.250 inH2O, -0.150 inH2O, -0.050 inH2O, 0.000 inH2O, 0.050 inH2O, 0.150 inH2O, 0.250 inH2O Tol: ± 0.01",format,FMT003,Limpieza de espacios en blanco,1.0,low
PR_instrumentos_original_v2.csv,MAD-PR-41,315,R315,Especificaciones,"Negativo
0.00, 0.05, 0.10, 0.15, 0.20, 0.25 InH2O ±0.01 InH2O
Positivo
0.00, 0.05, 0.10, 0.15, 0.20, 0.25 InH2O ±0.01 InH2O","Negativo 0.00, 0.05, 0.10, 0.15, 0.20, 0.25 InH2O ±0.01 InH2O Positivo 0.00, 0.05, 0.10, 0.15, 0.20, 0.25 InH2O ±0.01 InH2O",format,FMT003,Limpieza de espacios en blanco,1.0,low
PR_instrumentos_original_v2.csv,MAD-FR-47,321,R321,Especificaciones,"Negativo
0.00, 0.05, 0.10, 0.15, 0.20, 0.25 InH2O ±0.01 InH2O
Positivo
0.00, 0.05, 0.10, 0.15, 0.20, 0.25 InH2O ±0.01 InH2O","Negativo 0.00, 0.05, 0.10, 0.15, 0.20, 0.25 InH2O ±0.01 InH2O Positivo 0.00, 0.05, 0.10, 0.15, 0.20, 0.25 InH2O ±0.01 InH2O",format,FMT003,Limpieza de espacios en blanco,1.0,low
PR_instrumentos_original_v2.csv,MAD-FR-48,322,R322,Especificaciones,"Negativo
0.00, 0.05, 0.10, 0.15, 0.20, 0.25 InH2O ±0.01 InH2O
Positivo
0.00, 0.05, 0.10, 0.15, 0.20, 0.25 InH2O ±0.01 InH2O","Negativo 0.00, 0.05, 0.10, 0.15, 0.20, 0.25 InH2O ±0.01 InH2O Positivo 0.00, 0.05, 0.10, 0.15, 0.20, 0.25 InH2O ±0.01 InH2O",format,FMT003,Limpieza de espacios en blanco,1.0,low
PR_instrumentos_original_v2.csv,MAD-FR-49,323,R323,Especificaciones,"Negativo
0.00, 0.05, 0.10, 0.15, 0.20, 0.25 InH2O ±0.01 InH2O
Positivo
0.00, 0.05, 0.10, 0.15, 0.20, 0.25 InH2O ±0.01 InH2O","Negativo 0.00, 0.05, 0.10, 0.15, 0.20, 0.25 InH2O ±0.01 InH2O Positivo 0.00, 0.05, 0.10, 0.15, 0.20, 0.25 InH2O ±0.01 InH2O",format,FMT003,Limpieza de espacios en blanco,1.0,low
PR_instrumentos_original_v2.csv,MAD-FR-50,324,R324,Especificaciones,"Negativo
0.00, 0.05, 0.10, 0.15, 0.20, 0.25 InH2O ±0.01 InH2O
Positivo
0.00, 0.05, 0.10, 0.15, 0.20, 0.25 InH2O ±0.01 InH2O","Negativo 0.00, 0.05, 0.10, 0.15, 0.20, 0.25 InH2O ±0.01 InH2O Positivo 0.00, 0.05, 0.10, 0.15, 0.20, 0.25 InH2O ±0.01 InH2O",format,FMT003,Limpieza de espacios en blanco,1.0,low
PR_instrumentos_original_v2.csv,MAD-FR-51,325,R325,Especificaciones,"Negativo
0.00, 0.05, 0.10, 0.15, 0.20, 0.25 InH2O ±0.01 InH2O
Positivo
0.00, 0.05, 0.10, 0.15, 0.20, 0.25 InH2O ±0.01 InH2O","Negativo 0.00, 0.05, 0.10, 0.15, 0.20, 0.25 InH2O ±0.01 InH2O Positivo 0.00, 0.05, 0.10, 0.15, 0.20, 0.25 InH2O ±0.01 InH2O",format,FMT003,Limpieza de espacios en blanco,1.0,low
PR_instrumentos_original_v2.csv,MAD-FR-52,326,R326,Especificaciones,"Negativo
0.00, 0.05, 0.10, 0.15, 0.20, 0.25 InH2O ±0.01 InH2O
Positivo
0.00, 0.05, 0.10, 0.15, 0.20, 0.25 InH2O ±0.01 InH2O","Negativo 0.00, 0.05, 0.10, 0.15, 0.20, 0.25 InH2O ±0.01 InH2O Positivo 0.00, 0.05, 0.10, 0.15, 0.20, 0.25 InH2O ±0.01 InH2O",format,FMT003,Limpieza de espacios en blanco,1.0,low
PR_instrumentos_original_v2.csv,MAD-VA-02,328,R328,Especificaciones,"Negativo
0.00, 0.05, 0.10, 0.15, 0.20, 0.25 InH2O ±0.01 InH2O
Positivo
0.00, 0.05, 0.10, 0.15, 0.20, 0.25 InH2O ±0.01 InH2O","Negativo 0.00, 0.05, 0.10, 0.15, 0.20, 0.25 InH2O ±0.01 InH2O Positivo 0.00, 0.05, 0.10, 0.15, 0.20, 0.25 InH2O ±0.01 InH2O",format,FMT003,Limpieza de espacios en blanco,1.0,low
PR_instrumentos_original_v2.csv,MAD-VA-03,329,R329,Especificaciones,"Negativo
0.00, 0.05, 0.10, 0.15, 0.20, 0.25 InH2O ±0.01 InH2O
Positivo
0.00, 0.05, 0.10, 0.15, 0.20, 0.25 InH2O ±0.01 InH2O","Negativo 0.00, 0.05, 0.10, 0.15, 0.20, 0.25 InH2O ±0.01 InH2O Positivo 0.00, 0.05, 0.10, 0.15, 0.20, 0.25 InH2O ±0.01 InH2O",format,FMT003,Limpieza de espacios en blanco,1.0,low
PR_instrumentos_original_v2.csv,MAD-VA-04,330,R330,Especificaciones,"Negativo
0.00, 0.05, 0.10, 0.15, 0.20, 0.25 InH2O ±0.01 InH2O
Positivo
0.00, 0.05, 0.10, 0.15, 0.20, 0.25 InH2O ±0.01 InH2O","Negativo 0.00, 0.05, 0.10, 0.15, 0.20, 0.25 InH2O ±0.01 InH2O Positivo 0.00, 0.05, 0.10, 0.15, 0.20, 0.25 InH2O ±0.01 InH2O",format,FMT003,Limpieza de espacios en blanco,1.0,low
PR_instrumentos_original_v2.csv,MDI-MA-01,331,R331,Especificaciones,"- 0.250 inWC, -0.200 inWC, -0.150 inWC,    - 0.100 inWC, -0.050 inWC, 0.000 inWC, 0.050 inWC, 0.100 inWC, 0.150 inWC, 0.200 inWC, 0.250 inWC Tol ± 0.001 InWC -62.0 Pa, -50.0 Pa, -37.0 Pa, -25.0 Pa, 12.0 Pa,  0.0 Pa, 12.0 Pa, 25.0 Pa, 37.0 Pa, 50.0 Pa, 62.0 Pa","- 0.250 inWC, -0.200 inWC, -0.150 inWC, - 0.100 inWC, -0.050 inWC, 0.000 inWC, 0.050 inWC, 0.100 inWC, 0.150 inWC, 0.200 inWC, 0.250 inWC Tol ± 0.001 InWC -62.0 Pa, -50.0 Pa, -37.0 Pa, -25.0 Pa, 12.0 Pa, 0.0 Pa, 12.0 Pa, 25.0 Pa, 37.0 Pa, 50.0 Pa, 62.0 Pa",format,FMT003,Limpieza de espacios en blanco,1.0,low
PR_instrumentos_original_v2.csv,MDI-MA-02,332,R332,Especificaciones,"- 0.250 inWC, -0.200 inWC, -0.150 inWC,    - 0.100 inWC, -0.050 inWC, 0.000 inWC, 0.050 inWC, 0.100 inWC, 0.150 inWC, 0.200 inWC, 0.250 inWC Tol ± 0.001 InWC -62.0 Pa, -50.0 Pa, -37.0 Pa, -25.0 Pa, 12.0 Pa,  0.0 Pa, 12.0 Pa, 25.0 Pa, 37.0 Pa, 50.0 Pa, 62.0 Pa","- 0.250 inWC, -0.200 inWC, -0.150 inWC, - 0.100 inWC, -0.050 inWC, 0.000 inWC, 0.050 inWC, 0.100 inWC, 0.150 inWC, 0.200 inWC, 0.250 inWC Tol ± 0.001 InWC -62.0 Pa, -50.0 Pa, -37.0 Pa, -25.0 Pa, 12.0 Pa, 0.0 Pa, 12.0 Pa, 25.0 Pa, 37.0 Pa, 50.0 Pa, 62.0 Pa",format,FMT003,Limpieza de espacios en blanco,1.0,low
PR_instrumentos_original_v2.csv,MDI-MA-03,333,R333,Especificaciones,"- 0.250 inWC, -0.200 inWC, -0.150 inWC,    - 0.100 inWC, -0.050 inWC, 0.000 inWC, 0.050 inWC, 0.100 inWC, 0.150 inWC, 0.200 inWC, 0.250 inWC Tol ± 0.001 InWC -62.0 Pa, -50.0 Pa, -37.0 Pa, -25.0 Pa, 12.0 Pa,  0.0 Pa, 12.0 Pa, 25.0 Pa, 37.0 Pa, 50.0 Pa, 62.0 Pa","- 0.250 inWC, -0.200 inWC, -0.150 inWC, - 0.100 inWC, -0.050 inWC, 0.000 inWC, 0.050 inWC, 0.100 inWC, 0.150 inWC, 0.200 inWC, 0.250 inWC Tol ± 0.001 InWC -62.0 Pa, -50.0 Pa, -37.0 Pa, -25.0 Pa, 12.0 Pa, 0.0 Pa, 12.0 Pa, 25.0 Pa, 37.0 Pa, 50.0 Pa, 62.0 Pa",format,FMT003,Limpieza de espacios en blanco,1.0,low
PR_instrumentos_original_v2.csv,MDI-MA-04,334,R334,Especificaciones,"- 0.250 inWC, -0.200 inWC, -0.150 inWC,    - 0.100 inWC, -0.050 inWC, 0.000 inWC, 0.050 inWC, 0.100 inWC, 0.150 inWC, 0.200 inWC, 0.250 inWC Tol ± 0.001 InWC -62.0 Pa, -50.0 Pa, -37.0 Pa, -25.0 Pa, 12.0 Pa,  0.0 Pa, 12.0 Pa, 25.0 Pa, 37.0 Pa, 50.0 Pa, 62.0 Pa","- 0.250 inWC, -0.200 inWC, -0.150 inWC, - 0.100 inWC, -0.050 inWC, 0.000 inWC, 0.050 inWC, 0.100 inWC, 0.150 inWC, 0.200 inWC, 0.250 inWC Tol ± 0.001 InWC -62.0 Pa, -50.0 Pa, -37.0 Pa, -25.0 Pa, 12.0 Pa, 0.0 Pa, 12.0 Pa, 25.0 Pa, 37.0 Pa, 50.0 Pa, 62.0 Pa",format,FMT003,Limpieza de espacios en blanco,1.0,low
PR_instrumentos_original_v2.csv,MDI-MA-05,335,R335,Especificaciones,"- 0.250 inWC, -0.200 inWC, -0.150 inWC,    - 0.100 inWC, -0.050 inWC, 0.000 inWC, 0.050 inWC, 0.100 inWC, 0.150 inWC, 0.200 inWC, 0.250 inWC Tol ± 0.001 InWC -62.0 Pa, -50.0 Pa, -37.0 Pa, -25.0 Pa, 12.0 Pa,  0.0 Pa, 12.0 Pa, 25.0 Pa, 37.0 Pa, 50.0 Pa, 62.0 Pa","- 0.250 inWC, -0.200 inWC, -0.150 inWC, - 0.100 inWC, -0.050 inWC, 0.000 inWC, 0.050 inWC, 0.100 inWC, 0.150 inWC, 0.200 inWC, 0.250 inWC Tol ± 0.001 InWC -62.0 Pa, -50.0 Pa, -37.0 Pa, -25.0 Pa, 12.0 Pa, 0.0 Pa, 12.0 Pa, 25.0 Pa, 37.0 Pa, 50.0 Pa, 62.0 Pa",format,FMT003,Limpieza de espacios en blanco,1.0,low
PR_instrumentos_original_v2.csv,MDI-MA-06,336,R336,Especificaciones,"- 0.250 inWC, -0.200 inWC, -0.150 inWC,    - 0.100 inWC, -0.050 inWC, 0.000 inWC, 0.050 inWC, 0.100 inWC, 0.150 inWC, 0.200 inWC, 0.250 inWC Tol ± 0.001 InWC -62.0 Pa, -50.0 Pa, -37.0 Pa, -25.0 Pa, 12.0 Pa,  0.0 Pa, 12.0 Pa, 25.0 Pa, 37.0 Pa, 50.0 Pa, 62.0 Pa","- 0.250 inWC, -0.200 inWC, -0.150 inWC, - 0.100 inWC, -0.050 inWC, 0.000 inWC, 0.050 inWC, 0.100 inWC, 0.150 inWC, 0.200 inWC, 0.250 inWC Tol ± 0.001 InWC -62.0 Pa, -50.0 Pa, -37.0 Pa, -25.0 Pa, 12.0 Pa, 0.0 Pa, 12.0 Pa, 25.0 Pa, 37.0 Pa, 50.0 Pa, 62.0 Pa",format,FMT003,Limpieza de espacios en blanco,1.0,low
PR_instrumentos_original_v2.csv,MDI-MA-07,337,R337,Especificaciones,"- 0.2500 inWC, -0.2000 inWC, -0.1500 inWC,    - 0.1000 inWC, -0.0500 inWC, 0.0000 inWC, 0.0500 inWC, 0.1000 inWC, 0.1500 inWC, 0.2000 inWC, 0.2500 inWC Tol ± 1.5% (0.0075 InWC)
- 62.0 Pa, - 50.0 Pa, - 37.0 Pa, - 25.0 Pa, 12.0 Pa,  0.0 Pa, 12.0 Pa, 25.0 Pa,                                        37.0 Pa, 50.0 Pa, 62.0 Pa
Tol ± 1.5% (1.8 Pa)","- 0.2500 inWC, -0.2000 inWC, -0.1500 inWC, - 0.1000 inWC, -0.0500 inWC, 0.0000 inWC, 0.0500 inWC, 0.1000 inWC, 0.1500 inWC, 0.2000 inWC, 0.2500 inWC Tol ± 1.5% (0.0075 InWC) - 62.0 Pa, - 50.0 Pa, - 37.0 Pa, - 25.0 Pa, 12.0 Pa, 0.0 Pa, 12.0 Pa, 25.0 Pa, 37.0 Pa, 50.0 Pa, 62.0 Pa Tol ± 1.5% (1.8 Pa)",format,FMT003,Limpieza de espacios en blanco,1.0,low
PR_instrumentos_original_v2.csv,MDI-MA-08,338,R338,Especificaciones,"- 0.250 inWC, -0.200 inWC, -0.150 inWC,    - 0.100 inWC, -0.050 inWC, 0.000 inWC, 0.050 inWC, 0.100 inWC, 0.150 inWC, 0.200 inWC, 0.250 inWC Tol ± 0.001 InWC -62.0 Pa, -50.0 Pa, -37.0 Pa, -25.0 Pa, 12.0 Pa,  0.0 Pa, 12.0 Pa, 25.0 Pa, 37.0 Pa, 50.0 Pa, 62.0 Pa","- 0.250 inWC, -0.200 inWC, -0.150 inWC, - 0.100 inWC, -0.050 inWC, 0.000 inWC, 0.050 inWC, 0.100 inWC, 0.150 inWC, 0.200 inWC, 0.250 inWC Tol ± 0.001 InWC -62.0 Pa, -50.0 Pa, -37.0 Pa, -25.0 Pa, 12.0 Pa, 0.0 Pa, 12.0 Pa, 25.0 Pa, 37.0 Pa, 50.0 Pa, 62.0 Pa",format,FMT003,Limpieza de espacios en blanco,1.0,low
PR_instrumentos_original_v2.csv,MAS-CP-01,339,B339,Marca,Ohaus,OHAUS,homologation,HOM002,Estandarización de nombres de marcas,0.9,medium
PR_instrumentos_original_v2.csv,MAS-CP-01,339,G339,Ubicación,Recepción de Material de Envase y Empaque ,Recepción de Material de Envase y Empaque,format,FMT003,Limpieza de espacios en blanco,1.0,low
PR_instrumentos_original_v2.csv,MIM-MA-01,350,A350,Instrumento,Micrometro,Micrómetro,homologation,HOM001,Corrección ortográfica de nombres de instrumentos,0.95,low
PR_instrumentos_original_v2.csv,MIM-CP-01,351,A351,Instrumento,Micrometro,Micrómetro,homologation,HOM001,Corrección ortográfica de nombres de instrumentos,0.95,low
PR_instrumentos_original_v2.csv,MIP-DA-03,354,P354,Observaciones,"Baja: 02-Jul-25
vrodriguez 03-Jul-25",Baja: 02-Jul-25 vrodriguez 03-Jul-25,format,FMT003,Limpieza de espacios en blanco,1.0,low
PR_instrumentos_original_v2.csv,MIP-LC-02,365,R365,Especificaciones,"100.00 μL (Tol ±1.0 µL), 500.00 μL (Tol ±4.00 µL), 1000.00 μL (Tol ±6.00 µL) ","100.00 μL (Tol ±1.0 µL), 500.00 μL (Tol ±4.00 µL), 1000.00 μL (Tol ±6.00 µL)",format,FMT003,Limpieza de espacios en blanco,1.0,low
PR_instrumentos_original_v2.csv,MIP-LC-04,367,R367,Especificaciones,"100.00 μL (Tol.± 1.60 µL), 500.00 μL (Tol±3.50 µL), 1000.00 μL (Tol. 6.00 µL) ","100.00 μL (Tol.± 1.60 µL), 500.00 μL (Tol±3.50 µL), 1000.00 μL (Tol. 6.00 µL)",format,FMT003,Limpieza de espacios en blanco,1.0,low
PR_instrumentos_original_v2.csv,MIP-LC-11,374,R374,Especificaciones,"100.00 μL, 1 000.00  μL Tol ± 8.00 µL","100.00 μL, 1 000.00 μL Tol ± 8.00 µL",format,FMT003,Limpieza de espacios en blanco,1.0,low
PR_instrumentos_original_v2.csv,MIP-MI-01,377,R377,Especificaciones,"100.00  μL (Tol ±8 µL), 500.00  μL (Tol.±8 µL), 1000.00  μL (Tol.±8 µL)","100.00 μL (Tol ±8 µL), 500.00 μL (Tol.±8 µL), 1000.00 μL (Tol.±8 µL)",format,FMT003,Limpieza de espacios en blanco,1.0,low
PR_instrumentos_original_v2.csv,MUT-MA-01,383,A383,Instrumento,Multimetro,Multímetro,homologation,HOM001,Corrección ortográfica de nombres de instrumentos,0.95,low
PR_instrumentos_original_v2.csv,MUT-MA-01,383,R383,Especificaciones,"Voltaje DC 200 mV (Tol. ±2.0), 2 V (Tol±0.018), 20 V (Tol±0.20),200 V (Tol.±2.40), 1000 V (Tol.±15.0), 
Voltaje AC @60 Hz 2 V (Tol.± 0.027), 20 V (Tol ±0.27), 20 0 V (Tol. ± 2.7), 750 V (Tol ±17), 
Corriente DC 2 mA (Tol.±0.031), 20 mA (Tol.±0.31), 200 mA (Tol.±3.1), 
Corriente AC@60Hz 200 mA (Tol± 3.8), 
Resistencia 200 Ohm (Tol ±2.08), 2 KOhm (Tol±0.028), 20 KOhm (Tol.±0.28), 200 KOhm (Tol±2.8), 2 MOhm (Tol. ±0.028), 20 MOhm (Tol. 0.34), 200 MOhm (Tol.±5.2),
 Capacitancia 20 nF (Tol±1.57), 20 mF (Tol.±1.57),
 Frecuencia @250V 2 kHz (Tol ±0.024), 
Temperatura -20°C (Tol±3.0), 0.0 (Tol±4.0), 100.0°C (Tol.±7.0), 300.0°C (Tol±13.0), 500.0°C (Tol±19.0), 800.0°C (Tol±28.0), 1000.0°C (Tol±34.0).","Voltaje DC 200 mV (Tol. ±2.0), 2 V (Tol±0.018), 20 V (Tol±0.20),200 V (Tol.±2.40), 1000 V (Tol.±15.0), Voltaje AC @60 Hz 2 V (Tol.± 0.027), 20 V (Tol ±0.27), 20 0 V (Tol. ± 2.7), 750 V (Tol ±17), Corriente DC 2 mA (Tol.±0.031), 20 mA (Tol.±0.31), 200 mA (Tol.±3.1), Corriente AC@60Hz 200 mA (Tol± 3.8), Resistencia 200 Ohm (Tol ±2.08), 2 KOhm (Tol±0.028), 20 KOhm (Tol.±0.28), 200 KOhm (Tol±2.8), 2 MOhm (Tol. ±0.028), 20 MOhm (Tol. 0.34), 200 MOhm (Tol.±5.2), Capacitancia 20 nF (Tol±1.57), 20 mF (Tol.±1.57), Frecuencia @250V 2 kHz (Tol ±0.024), Temperatura -20°C (Tol±3.0), 0.0 (Tol±4.0), 100.0°C (Tol.±7.0), 300.0°C (Tol±13.0), 500.0°C (Tol±19.0), 800.0°C (Tol±28.0), 1000.0°C (Tol±34.0).",format,FMT003,Limpieza de espacios en blanco,1.0,low
PR_instrumentos_original_v2.csv,MUL-LC-03,389,A389,Instrumento,Medidor multiparamétrico ,Medidor multiparamétrico,format,FMT003,Limpieza de espacios en blanco,1.0,low
PR_instrumentos_original_v2.csv,PES-VA-01,401,F401,Departamento responsable,Validación ,Validación,format,FMT003,Limpieza de espacios en blanco,1.0,low
PR_instrumentos_original_v2.csv,REG-VA-01,412,A412,Instrumento,Registrador de temperatura ,Registrador de temperatura,format,FMT003,Limpieza de espacios en blanco,1.0,low
PR_instrumentos_original_v2.csv,REG-VA-01,412,F412,Departamento responsable,Validación ,Validación,format,FMT003,Limpieza de espacios en blanco,1.0,low
PR_instrumentos_original_v2.csv,REG-VA-02,413,A413,Instrumento,Registrador de temperatura ,Registrador de temperatura,format,FMT003,Limpieza de espacios en blanco,1.0,low
PR_instrumentos_original_v2.csv,REG-VA-02,413,F413,Departamento responsable,Validación ,Validación,format,FMT003,Limpieza de espacios en blanco,1.0,low
PR_instrumentos_original_v2.csv,DAT-LO-04,418,R418,Especificaciones,"Temperatura 10.0°C, 20.0°C, 35.0°C, 40°C, 45°C, 50.0°C Tol±1.0°C, Humedad 1.0%, 35.0%, 45.0%, 65.0%,75.0%, 80.0% Tol±2.0% ","Temperatura 10.0°C, 20.0°C, 35.0°C, 40°C, 45°C, 50.0°C Tol±1.0°C, Humedad 1.0%, 35.0%, 45.0%, 65.0%,75.0%, 80.0% Tol±2.0%",format,FMT003,Limpieza de espacios en blanco,1.0,low
PR_instrumentos_original_v2.csv,DAT-LO-06,420,R420,Especificaciones,"Temperatura 10.0°C, 20.0°C, 35.0°C, 40°C, 45°C, 50°C Tol±1.0°C, Humedad 1.0%, 35.0%, 45.0%, 65.0%,75.0%, 80.0% Tol±2.0% ","Temperatura 10.0°C, 20.0°C, 35.0°C, 40°C, 45°C, 50°C Tol±1.0°C, Humedad 1.0%, 35.0%, 45.0%, 65.0%,75.0%, 80.0% Tol±2.0%",format,FMT003,Limpieza de espacios en blanco,1.0,low
PR_instrumentos_original_v2.csv,DAT-LO-07,421,F421,Departamento responsable,Validación ,Validación,format,FMT003,Limpieza de espacios en blanco,1.0,low
PR_instrumentos_original_v2.csv,DAT-LO-07,421,R421,Especificaciones,"Temperatura 10.0°C, 20.0°C, 35.0°C, 40°C, 45°C, 50°C Tol±1.0°C, Humedad 1.0%, 35.0%, 45.0%, 65.0%,75.0%, 80.0% Tol±2.0% ","Temperatura 10.0°C, 20.0°C, 35.0°C, 40°C, 45°C, 50°C Tol±1.0°C, Humedad 1.0%, 35.0%, 45.0%, 65.0%,75.0%, 80.0% Tol±2.0%",format,FMT003,Limpieza de espacios en blanco,1.0,low
PR_instrumentos_original_v2.csv,DAT-LO-09,423,F423,Departamento responsable,Validación ,Validación,format,FMT003,Limpieza de espacios en blanco,1.0,low
PR_instrumentos_original_v2.csv,DAT-LO-09,423,R423,Especificaciones,"Temperatura -40.00°C, -20.00°C, 0.00, 20.00°C, 30.00°C, 40.00°C, 45.00°C Tol ± 1.00°C. Humedad 1.0%, 35.0%, 45.0%, 65.0%,75.0%, 80.0% Tol±2.0% ","Temperatura -40.00°C, -20.00°C, 0.00, 20.00°C, 30.00°C, 40.00°C, 45.00°C Tol ± 1.00°C. Humedad 1.0%, 35.0%, 45.0%, 65.0%,75.0%, 80.0% Tol±2.0%",format,FMT003,Limpieza de espacios en blanco,1.0,low
PR_instrumentos_original_v2.csv,DAT-VA-02,425,R425,Especificaciones,"Temperatura 10.0°C, 20.0°C, 35.0°C, 40°C, 45°C, 50°C Tol±1.0°C, Humedad 1.0%, 35.0%, 45.0%, 65.0%,75.0%, 80.0% Tol±2.0% ","Temperatura 10.0°C, 20.0°C, 35.0°C, 40°C, 45°C, 50°C Tol±1.0°C, Humedad 1.0%, 35.0%, 45.0%, 65.0%,75.0%, 80.0% Tol±2.0%",format,FMT003,Limpieza de espacios en blanco,1.0,low
PR_instrumentos_original_v2.csv,DAT-VA-03,426,R426,Especificaciones,"Temperatura 10.0°C, 20.0°C, 35.0°C, 40°C, 45°C , 50°C Tol±1.0°C, Humedad 1.0%, 35.0%, 45.0%, 65.0%,75.0%, 80.0% Tol±2.0% ","Temperatura 10.0°C, 20.0°C, 35.0°C, 40°C, 45°C , 50°C Tol±1.0°C, Humedad 1.0%, 35.0%, 45.0%, 65.0%,75.0%, 80.0% Tol±2.0%",format,FMT003,Limpieza de espacios en blanco,1.0,low
PR_instrumentos_original_v2.csv,DAT-VA-04,427,R427,Especificaciones,"Temperatura 10.0°C, 20.0°C, 35.0°C, 40°C, 45°C, 50°C Tol±1.0°C, Humedad 1.0%, 35.0%, 45.0%, 65.0%,75.0%, 80.0% Tol±2.0% ","Temperatura 10.0°C, 20.0°C, 35.0°C, 40°C, 45°C, 50°C Tol±1.0°C, Humedad 1.0%, 35.0%, 45.0%, 65.0%,75.0%, 80.0% Tol±2.0%",format,FMT003,Limpieza de espacios en blanco,1.0,low
PR_instrumentos_original_v2.csv,DAT-VA-05,428,R428,Especificaciones,"Temperatura 10.0°C, 20.0°C, 35.0°C, 40°C, 45°C , 50°C Tol±1.0°C, Humedad 1.0%, 35.0%, 45.0%, 65.0%,75.0%, 80.0% Tol±2.0% ","Temperatura 10.0°C, 20.0°C, 35.0°C, 40°C, 45°C , 50°C Tol±1.0°C, Humedad 1.0%, 35.0%, 45.0%, 65.0%,75.0%, 80.0% Tol±2.0%",format,FMT003,Limpieza de espacios en blanco,1.0,low
PR_instrumentos_original_v2.csv,DAT-VA-06,429,R429,Especificaciones,"Temperatura 10.0°C, 20.0°C, 35.0°C, 40°C, 45°C, 50°C Tol±1.0°C, Humedad 1.0%, 35.0%, 45.0%, 65.0%,75.0%, 80.0% Tol±2.0% ","Temperatura 10.0°C, 20.0°C, 35.0°C, 40°C, 45°C, 50°C Tol±1.0°C, Humedad 1.0%, 35.0%, 45.0%, 65.0%,75.0%, 80.0% Tol±2.0%",format,FMT003,Limpieza de espacios en blanco,1.0,low
PR_instrumentos_original_v2.csv,DAT-VA-07,430,R430,Especificaciones,"Temperatura 10.0°C, 20.0°C, 35.0°C, 40°C, 45°C, 50°C Tol±1.0°C, Humedad 1.0%, 35.0%, 45.0%, 65.0%,75.0%, 80.0% Tol±2.0% ","Temperatura 10.0°C, 20.0°C, 35.0°C, 40°C, 45°C, 50°C Tol±1.0°C, Humedad 1.0%, 35.0%, 45.0%, 65.0%,75.0%, 80.0% Tol±2.0%",format,FMT003,Limpieza de espacios en blanco,1.0,low
PR_instrumentos_original_v2.csv,DAT-VA-08,431,R431,Especificaciones,"Temperatura 10.0°C, 20.0°C, 35.0°C, 40°C, 45°C, 50°C Tol±1.0°C, Humedad 1.0%, 35.0%, 45.0%, 65.0%,75.0%, 80.0% Tol±2.0% ","Temperatura 10.0°C, 20.0°C, 35.0°C, 40°C, 45°C, 50°C Tol±1.0°C, Humedad 1.0%, 35.0%, 45.0%, 65.0%,75.0%, 80.0% Tol±2.0%",format,FMT003,Limpieza de espacios en blanco,1.0,low
PR_instrumentos_original_v2.csv,DAT-VA-09,432,R432,Especificaciones,"Temperatura 10.0°C, 20.0°C, 35.0°C, 40°C, 45°C, 50°C Tol±1.0°C, Humedad 5.0%, 35.0%, 45.0%, 65.0%,75.0%, 80.0% Tol±2.0% ","Temperatura 10.0°C, 20.0°C, 35.0°C, 40°C, 45°C, 50°C Tol±1.0°C, Humedad 5.0%, 35.0%, 45.0%, 65.0%,75.0%, 80.0% Tol±2.0%",format,FMT003,Limpieza de espacios en blanco,1.0,low
PR_instrumentos_original_v2.csv,DAT-VA-10,433,R433,Especificaciones,"Temperatura 10.0°C, 20.0°C, 35.0°C, 40°C, 45°C, 50°C Tol±1.0°C, Humedad 1.0%, 35.0%, 45.0%, 65.0%,75.0%, 80.0% Tol±2.0% ","Temperatura 10.0°C, 20.0°C, 35.0°C, 40°C, 45°C, 50°C Tol±1.0°C, Humedad 1.0%, 35.0%, 45.0%, 65.0%,75.0%, 80.0% Tol±2.0%",format,FMT003,Limpieza de espacios en blanco,1.0,low
PR_instrumentos_original_v2.csv,DAT-VA-11,434,R434,Especificaciones,"Temperatura 10.0°C, 20.0°C, 35.0°C, 40°C, 45°C, 50°C Tol±1.0°C, Humedad 1.0%, 35.0%, 45.0%, 65.0%,75.0%, 80.0% Tol±2.0% ","Temperatura 10.0°C, 20.0°C, 35.0°C, 40°C, 45°C, 50°C Tol±1.0°C, Humedad 1.0%, 35.0%, 45.0%, 65.0%,75.0%, 80.0% Tol±2.0%",format,FMT003,Limpieza de espacios en blanco,1.0,low
PR_instrumentos_original_v2.csv,DAT-VA-12,435,R435,Especificaciones,"Temperatura 10.0°C, 20.0°C, 35.0°C, 40°C, 50°C Tol±1.0°C, Humedad 35.0%, 45.0%, 65.0%,75.0%, 80.0% Tol±2.0% ","Temperatura 10.0°C, 20.0°C, 35.0°C, 40°C, 50°C Tol±1.0°C, Humedad 35.0%, 45.0%, 65.0%,75.0%, 80.0% Tol±2.0%",format,FMT003,Limpieza de espacios en blanco,1.0,low
PR_instrumentos_original_v2.csv,DAT-VA-13,436,R436,Especificaciones,"Temperatura 10.0°C, 20.0°C, 35.0°C, 40°C, 50°C Tol±1.0°C, Humedad 35.0%, 45.0%, 65.0%,75.0%, 80.0% Tol±2.0% ","Temperatura 10.0°C, 20.0°C, 35.0°C, 40°C, 50°C Tol±1.0°C, Humedad 35.0%, 45.0%, 65.0%,75.0%, 80.0% Tol±2.0%",format,FMT003,Limpieza de espacios en blanco,1.0,low
PR_instrumentos_original_v2.csv,DAT-VA-14,437,R437,Especificaciones,"Temperatura 10.0°C, 20.0°C, 35.0°C, 40°C, 50°C Tol±1.0°C, Humedad 35.0%, 45.0%, 65.0%,75.0%, 80.0% Tol±2.0% ","Temperatura 10.0°C, 20.0°C, 35.0°C, 40°C, 50°C Tol±1.0°C, Humedad 35.0%, 45.0%, 65.0%,75.0%, 80.0% Tol±2.0%",format,FMT003,Limpieza de espacios en blanco,1.0,low
PR_instrumentos_original_v2.csv,DAT-VA-15,438,R438,Especificaciones,"Temperatura 10.0°C, 20.0°C, 35.0°C, 40°C, 50°C Tol±1.0°C, Humedad 35.0%, 45.0%, 65.0%,75.0%, 80.0% Tol±2.0% ","Temperatura 10.0°C, 20.0°C, 35.0°C, 40°C, 50°C Tol±1.0°C, Humedad 35.0%, 45.0%, 65.0%,75.0%, 80.0% Tol±2.0%",format,FMT003,Limpieza de espacios en blanco,1.0,low
PR_instrumentos_original_v2.csv,DAT-VA-16,439,R439,Especificaciones,"Temperatura 10.0°C, 20.0°C, 35.0°C, 40°C, 50°C Tol±1.0°C, Humedad 35.0%, 45.0%, 65.0%,75.0%, 80.0% Tol±2.0% ","Temperatura 10.0°C, 20.0°C, 35.0°C, 40°C, 50°C Tol±1.0°C, Humedad 35.0%, 45.0%, 65.0%,75.0%, 80.0% Tol±2.0%",format,FMT003,Limpieza de espacios en blanco,1.0,low
PR_instrumentos_original_v2.csv,DAT-VA-17,440,R440,Especificaciones,"Temperatura 10.0°C, 20.0°C, 35.0°C, 40°C, 50°C Tol±1.0°C, Humedad 35.0%, 45.0%, 65.0%,75.0%, 80.0% Tol±2.0% ","Temperatura 10.0°C, 20.0°C, 35.0°C, 40°C, 50°C Tol±1.0°C, Humedad 35.0%, 45.0%, 65.0%,75.0%, 80.0% Tol±2.0%",format,FMT003,Limpieza de espacios en blanco,1.0,low
PR_instrumentos_original_v2.csv,DAT-VA-18,441,R441,Especificaciones,"Temperatura 10.0°C, 20.0°C, 35.0°C, 40°C, 45°C, 50°C Tol±1.0°C, Humedad 35.0%, 45.0%, 65.0%,75.0%, 80.0% Tol±2.0% ","Temperatura 10.0°C, 20.0°C, 35.0°C, 40°C, 45°C, 50°C Tol±1.0°C, Humedad 35.0%, 45.0%, 65.0%,75.0%, 80.0% Tol±2.0%",format,FMT003,Limpieza de espacios en blanco,1.0,low
PR_instrumentos_original_v2.csv,DAT-VA-19,442,P442,Observaciones,"Rechazado en calibración vrodriguez 21-May-25
Baja: 22-Jul-25 vrodriguez 22-Jul-25",Rechazado en calibración vrodriguez 21-May-25 Baja: 22-Jul-25 vrodriguez 22-Jul-25,format,FMT003,Limpieza de espacios en blanco,1.0,low
PR_instrumentos_original_v2.csv,DAT-VA-19,442,R442,Especificaciones,"Temperatura 10.0°C, 20.0°C, 35.0°C, 45°C, 50°C Tol±1.0°C, Humedad 35.0%, 45.0%, 65.0%,75.0%, 80.0% Tol±2.0% ","Temperatura 10.0°C, 20.0°C, 35.0°C, 45°C, 50°C Tol±1.0°C, Humedad 35.0%, 45.0%, 65.0%,75.0%, 80.0% Tol±2.0%",format,FMT003,Limpieza de espacios en blanco,1.0,low
PR_instrumentos_original_v2.csv,DAT-VA-20,443,R443,Especificaciones,"Temperatura 10.0°C, 20.0°C, 35.0°C, 40°C, 50°C Tol±1.0°C, Humedad 35.0%, 45.0%, 65.0%,75.0%, 80.0% Tol±2.0% ","Temperatura 10.0°C, 20.0°C, 35.0°C, 40°C, 50°C Tol±1.0°C, Humedad 35.0%, 45.0%, 65.0%,75.0%, 80.0% Tol±2.0%",format,FMT003,Limpieza de espacios en blanco,1.0,low
PR_instrumentos_original_v2.csv,DAT-VA-21,444,R444,Especificaciones,"Temperatura 10.0°C, 20.0°C, 35.0°C, 40°C, 50°C Tol±1.0°C, Humedad 35.0%, 45.0%, 65.0%,75.0%, 80.0% Tol±2.0% ","Temperatura 10.0°C, 20.0°C, 35.0°C, 40°C, 50°C Tol±1.0°C, Humedad 35.0%, 45.0%, 65.0%,75.0%, 80.0% Tol±2.0%",format,FMT003,Limpieza de espacios en blanco,1.0,low
PR_instrumentos_original_v2.csv,DAT-VA-22,445,R445,Especificaciones,"Temperatura 10.0°C, 20.0°C, 35.0°C, 40°C, 50°C Tol±1.0°C, Humedad 35.0%, 45.0%, 65.0%,75.0%, 80.0% Tol±2.0% ","Temperatura 10.0°C, 20.0°C, 35.0°C, 40°C, 50°C Tol±1.0°C, Humedad 35.0%, 45.0%, 65.0%,75.0%, 80.0% Tol±2.0%",format,FMT003,Limpieza de espacios en blanco,1.0,low
PR_instrumentos_original_v2.csv,DAT-VA-23,446,R446,Especificaciones,"Temperatura 10.0°C, 20.0°C, 35.0°C, 40°C, 50°C Tol±1.0°C, Humedad 35.0%, 45.0%, 65.0%,75.0%, 80.0% Tol±2.0% ","Temperatura 10.0°C, 20.0°C, 35.0°C, 40°C, 50°C Tol±1.0°C, Humedad 35.0%, 45.0%, 65.0%,75.0%, 80.0% Tol±2.0%",format,FMT003,Limpieza de espacios en blanco,1.0,low
PR_instrumentos_original_v2.csv,DAT-VA-24,447,R447,Especificaciones,"Temperatura 10.0°C, 20.0°C, 35.0°C, 40°C, 50°C Tol±1.0°C, Humedad 35.0%, 45.0%, 65.0%,75.0%, 80.0% Tol±2.0% ","Temperatura 10.0°C, 20.0°C, 35.0°C, 40°C, 50°C Tol±1.0°C, Humedad 35.0%, 45.0%, 65.0%,75.0%, 80.0% Tol±2.0%",format,FMT003,Limpieza de espacios en blanco,1.0,low
PR_instrumentos_original_v2.csv,DAT-VA-25,448,R448,Especificaciones,"Temperatura 10.0°C, 20.0°C, 35.0°C, 40°C, 50°C Tol±1.0°C, Humedad 35.0%, 45.0%, 65.0%,75.0%, 80.0% Tol±2.0% ","Temperatura 10.0°C, 20.0°C, 35.0°C, 40°C, 50°C Tol±1.0°C, Humedad 35.0%, 45.0%, 65.0%,75.0%, 80.0% Tol±2.0%",format,FMT003,Limpieza de espacios en blanco,1.0,low
PR_instrumentos_original_v2.csv,DAT-VA-26,449,R449,Especificaciones,"Temperatura 10.0°C, 20.0°C, 35.0°C, 40°C, 50°C Tol±1.0°C, Humedad 35.0%, 45.0%, 65.0%,75.0%, 80.0% Tol±2.0% ","Temperatura 10.0°C, 20.0°C, 35.0°C, 40°C, 50°C Tol±1.0°C, Humedad 35.0%, 45.0%, 65.0%,75.0%, 80.0% Tol±2.0%",format,FMT003,Limpieza de espacios en blanco,1.0,low
PR_instrumentos_original_v2.csv,DAT-VA-27,450,R450,Especificaciones,"Temperatura 10.0°C, 20.0°C, 35.0°C, 40°C, 50°C Tol±1.0°C, Humedad 35.0%, 45.0%, 65.0%,75.0%, 80.0% Tol±2.0% ","Temperatura 10.0°C, 20.0°C, 35.0°C, 40°C, 50°C Tol±1.0°C, Humedad 35.0%, 45.0%, 65.0%,75.0%, 80.0% Tol±2.0%",format,FMT003,Limpieza de espacios en blanco,1.0,low
PR_instrumentos_original_v2.csv,DAT-VA-28,451,R451,Especificaciones,"Temperatura 10.0°C, 20.0°C, 35.0°C, 40°C, 50°C Tol±1.0°C, Humedad 35.0%, 45.0%, 65.0%,75.0%, 80.0% Tol±2.0% ","Temperatura 10.0°C, 20.0°C, 35.0°C, 40°C, 50°C Tol±1.0°C, Humedad 35.0%, 45.0%, 65.0%,75.0%, 80.0% Tol±2.0%",format,FMT003,Limpieza de espacios en blanco,1.0,low
PR_instrumentos_original_v2.csv,DAT-VA-29,452,R452,Especificaciones,"Temperatura 10.0°C, 20.0°C, 35.0°C, 40°C, 50°C Tol±1.0°C, Humedad 35.0%, 45.0%, 65.0%,75.0%, 80.0% Tol±2.0% ","Temperatura 10.0°C, 20.0°C, 35.0°C, 40°C, 50°C Tol±1.0°C, Humedad 35.0%, 45.0%, 65.0%,75.0%, 80.0% Tol±2.0%",format,FMT003,Limpieza de espacios en blanco,1.0,low
PR_instrumentos_original_v2.csv,DAT-VA-30,453,R453,Especificaciones,"Temperatura 10.0°C, 20.0°C, 35.0°C, 40°C, 50°C Tol±1.0°C, Humedad 35.0%, 45.0%, 65.0%,75.0%, 80.0% Tol±2.0% ","Temperatura 10.0°C, 20.0°C, 35.0°C, 40°C, 50°C Tol±1.0°C, Humedad 35.0%, 45.0%, 65.0%,75.0%, 80.0% Tol±2.0%",format,FMT003,Limpieza de espacios en blanco,1.0,low
PR_instrumentos_original_v2.csv,DAT-VA-31,454,R454,Especificaciones,"Temperatura 10.0°C, 20.0°C, 35.0°C, 40°C, 50°C Tol±1.0°C, Humedad 35.0%, 45.0%, 65.0%,75.0%, 80.0% Tol±2.0% ","Temperatura 10.0°C, 20.0°C, 35.0°C, 40°C, 50°C Tol±1.0°C, Humedad 35.0%, 45.0%, 65.0%,75.0%, 80.0% Tol±2.0%",format,FMT003,Limpieza de espacios en blanco,1.0,low
PR_instrumentos_original_v2.csv,DAT-VA-32,455,R455,Especificaciones,"Temperatura 10.0°C, 20.0°C, 35.0°C, 40°C, 50°C Tol±1.0°C, Humedad 35.0%, 45.0%, 65.0%,75.0%, 80.0% Tol±2.0% ","Temperatura 10.0°C, 20.0°C, 35.0°C, 40°C, 50°C Tol±1.0°C, Humedad 35.0%, 45.0%, 65.0%,75.0%, 80.0% Tol±2.0%",format,FMT003,Limpieza de espacios en blanco,1.0,low
PR_instrumentos_original_v2.csv,DAT-VA-33,456,R456,Especificaciones,"Temperatura 10.0°C, 20.0°C, 35.0°C, 40°C, 50°C Tol±1.0°C, Humedad 35.0%, 45.0%, 65.0%,75.0%, 80.0% Tol±2.0% ","Temperatura 10.0°C, 20.0°C, 35.0°C, 40°C, 50°C Tol±1.0°C, Humedad 35.0%, 45.0%, 65.0%,75.0%, 80.0% Tol±2.0%",format,FMT003,Limpieza de espacios en blanco,1.0,low
PR_instrumentos_original_v2.csv,DAT-VA-34,457,R457,Especificaciones,"Temperatura 10.0°C, 20.0°C, 35.0°C, 40°C, 50°C Tol±1.0°C, Humedad 35.0%, 45.0%, 65.0%,75.0%, 80.0% Tol±2.0% ","Temperatura 10.0°C, 20.0°C, 35.0°C, 40°C, 50°C Tol±1.0°C, Humedad 35.0%, 45.0%, 65.0%,75.0%, 80.0% Tol±2.0%",format,FMT003,Limpieza de espacios en blanco,1.0,low
PR_instrumentos_original_v2.csv,DAT-VA-35,458,R458,Especificaciones,"Temperatura 10.0°C, 20.0°C, 35.0°C, 40°C, 50°C Tol±1.0°C, Humedad 35.0%, 45.0%, 65.0%,75.0%, 80.0% Tol±2.0% ","Temperatura 10.0°C, 20.0°C, 35.0°C, 40°C, 50°C Tol±1.0°C, Humedad 35.0%, 45.0%, 65.0%,75.0%, 80.0% Tol±2.0%",format,FMT003,Limpieza de espacios en blanco,1.0,low
PR_instrumentos_original_v2.csv,DAT-VA-36,459,R459,Especificaciones,"Temperatura 10.0°C, 20.0°C, 35.0°C, 40°C, 50°C Tol±1.0°C, Humedad 35.0%, 45.0%, 65.0%,75.0%, 80.0% Tol±2.0% ","Temperatura 10.0°C, 20.0°C, 35.0°C, 40°C, 50°C Tol±1.0°C, Humedad 35.0%, 45.0%, 65.0%,75.0%, 80.0% Tol±2.0%",format,FMT003,Limpieza de espacios en blanco,1.0,low
PR_instrumentos_original_v2.csv,DAT-VA-37,460,R460,Especificaciones,"Temperatura 0.0°C, 10.0°C, 20.0°C, 35.0°C, 40°C, 50°C Tol±1.0°C, 35.0%, 45.0%, 65.0%,75.0%, 80.0% Tol±2.0% ","Temperatura 0.0°C, 10.0°C, 20.0°C, 35.0°C, 40°C, 50°C Tol±1.0°C, 35.0%, 45.0%, 65.0%,75.0%, 80.0% Tol±2.0%",format,FMT003,Limpieza de espacios en blanco,1.0,low
PR_instrumentos_original_v2.csv,DAT-VA-38,461,R461,Especificaciones,"Temperatura 0.0°C, 10.0°C, 20.0°C, 35.0°C, 40°C, 50°C Tol±1.0°C, 35.0%, 45.0%, 65.0%,75.0%, 80.0% Tol±2.0% ","Temperatura 0.0°C, 10.0°C, 20.0°C, 35.0°C, 40°C, 50°C Tol±1.0°C, 35.0%, 45.0%, 65.0%,75.0%, 80.0% Tol±2.0%",format,FMT003,Limpieza de espacios en blanco,1.0,low
PR_instrumentos_original_v2.csv,DAT-VA-39,462,R462,Especificaciones,"Temperatura 0.0°C, 10.0°C, 20.0°C, 35.0°C, 40°C, 50°C Tol±1.0°C, 35.0%, 45.0%, 65.0%,75.0%, 80.0% Tol±2.0% ","Temperatura 0.0°C, 10.0°C, 20.0°C, 35.0°C, 40°C, 50°C Tol±1.0°C, 35.0%, 45.0%, 65.0%,75.0%, 80.0% Tol±2.0%",format,FMT003,Limpieza de espacios en blanco,1.0,low
PR_instrumentos_original_v2.csv,DAT-VA-40,463,R463,Especificaciones,"Temperatura 0.0°C, 10.0°C, 20.0°C, 35.0°C, 40°C, 50°C Tol±1.0°C, 35.0%, 45.0%, 65.0%,75.0%, 80.0% Tol±2.0% ","Temperatura 0.0°C, 10.0°C, 20.0°C, 35.0°C, 40°C, 50°C Tol±1.0°C, 35.0%, 45.0%, 65.0%,75.0%, 80.0% Tol±2.0%",format,FMT003,Limpieza de espacios en blanco,1.0,low
PR_instrumentos_original_v2.csv,DAT-VA-41,464,R464,Especificaciones,"Temperatura 0.0°C, 10.0°C, 20.0°C, 35.0°C, 40°C, 50°C Tol±1.0°C, 35.0%, 45.0%, 65.0%,75.0%, 80.0% Tol±2.0% ","Temperatura 0.0°C, 10.0°C, 20.0°C, 35.0°C, 40°C, 50°C Tol±1.0°C, 35.0%, 45.0%, 65.0%,75.0%, 80.0% Tol±2.0%",format,FMT003,Limpieza de espacios en blanco,1.0,low
PR_instrumentos_original_v2.csv,DAT-VA-42,465,R465,Especificaciones,"Temperatura 0.0°C, 10.0°C, 20.0°C, 35.0°C, 40°C, 50°C Tol±1.0°C, 35.0%, 45.0%, 65.0%,75.0%, 80.0% Tol±2.0% ","Temperatura 0.0°C, 10.0°C, 20.0°C, 35.0°C, 40°C, 50°C Tol±1.0°C, 35.0%, 45.0%, 65.0%,75.0%, 80.0% Tol±2.0%",format,FMT003,Limpieza de espacios en blanco,1.0,low
PR_instrumentos_original_v2.csv,DAT-VA-43,466,R466,Especificaciones,"Temperatura 0.0°C, 10.0°C, 20.0°C, 35.0°C, 40°C, 50°C Tol±1.0°C, 35.0%, 45.0%, 65.0%,75.0%, 80.0% Tol±2.0% ","Temperatura 0.0°C, 10.0°C, 20.0°C, 35.0°C, 40°C, 50°C Tol±1.0°C, 35.0%, 45.0%, 65.0%,75.0%, 80.0% Tol±2.0%",format,FMT003,Limpieza de espacios en blanco,1.0,low
PR_instrumentos_original_v2.csv,DAT-VA-44,467,R467,Especificaciones,"Temperatura 0.0°C, 10.0°C, 20.0°C, 35.0°C, 40°C, 50°C Tol±1.0°C, 35.0%, 45.0%, 65.0%,75.0%, 80.0% Tol±2.0% ","Temperatura 0.0°C, 10.0°C, 20.0°C, 35.0°C, 40°C, 50°C Tol±1.0°C, 35.0%, 45.0%, 65.0%,75.0%, 80.0% Tol±2.0%",format,FMT003,Limpieza de espacios en blanco,1.0,low
PR_instrumentos_original_v2.csv,DAT-VA-45,468,R468,Especificaciones,"Temperatura 0.0°C, 10.0°C, 20.0°C, 35.0°C, 40°C, 50°C Tol±1.0°C, 35.0%, 45.0%, 65.0%,75.0%, 80.0% Tol±2.0% ","Temperatura 0.0°C, 10.0°C, 20.0°C, 35.0°C, 40°C, 50°C Tol±1.0°C, 35.0%, 45.0%, 65.0%,75.0%, 80.0% Tol±2.0%",format,FMT003,Limpieza de espacios en blanco,1.0,low
PR_instrumentos_original_v2.csv,DAT-VA-46,469,R469,Especificaciones,"Temperatura 0.0°C, 10.0°C, 20.0°C, 35.0°C, 40°C, 50°C Tol±1.0°C, 35.0%, 45.0%, 65.0%,75.0%, 80.0% Tol±2.0% ","Temperatura 0.0°C, 10.0°C, 20.0°C, 35.0°C, 40°C, 50°C Tol±1.0°C, 35.0%, 45.0%, 65.0%,75.0%, 80.0% Tol±2.0%",format,FMT003,Limpieza de espacios en blanco,1.0,low
PR_instrumentos_original_v2.csv,DAT-VA-47,470,R470,Especificaciones,"Temperatura 0.0°C, 10.0°C, 20.0°C, 35.0°C, 40°C, 50°C Tol±1.0°C, 35.0%, 45.0%, 65.0%,75.0%, 80.0% Tol±2.0% ","Temperatura 0.0°C, 10.0°C, 20.0°C, 35.0°C, 40°C, 50°C Tol±1.0°C, 35.0%, 45.0%, 65.0%,75.0%, 80.0% Tol±2.0%",format,FMT003,Limpieza de espacios en blanco,1.0,low
PR_instrumentos_original_v2.csv,DAT-VA-48,471,R471,Especificaciones,"Temperatura 0.0°C, 10.0°C, 20.0°C, 35.0°C, 40°C, 50°C Tol±1.0°C, 35.0%, 45.0%, 65.0%,75.0%, 80.0% Tol±2.0% ","Temperatura 0.0°C, 10.0°C, 20.0°C, 35.0°C, 40°C, 50°C Tol±1.0°C, 35.0%, 45.0%, 65.0%,75.0%, 80.0% Tol±2.0%",format,FMT003,Limpieza de espacios en blanco,1.0,low
PR_instrumentos_original_v2.csv,DAT-VA-49,472,R472,Especificaciones,"Temperatura 0.0°C, 10.0°C, 20.0°C, 35.0°C, 40°C, 50°C Tol±1.0°C, 35.0%, 45.0%, 65.0%,75.0%, 80.0% Tol±2.0% ","Temperatura 0.0°C, 10.0°C, 20.0°C, 35.0°C, 40°C, 50°C Tol±1.0°C, 35.0%, 45.0%, 65.0%,75.0%, 80.0% Tol±2.0%",format,FMT003,Limpieza de espacios en blanco,1.0,low
PR_instrumentos_original_v2.csv,DAT-VA-50,473,R473,Especificaciones,"Temperatura 0.0°C, 10.0°C, 20.0°C, 35.0°C, 40°C, 50°C Tol±1.0°C, 35.0%, 45.0%, 65.0%,75.0%, 80.0% Tol±2.0% ","Temperatura 0.0°C, 10.0°C, 20.0°C, 35.0°C, 40°C, 50°C Tol±1.0°C, 35.0%, 45.0%, 65.0%,75.0%, 80.0% Tol±2.0%",format,FMT003,Limpieza de espacios en blanco,1.0,low
PR_instrumentos_original_v2.csv,DAT-VA-51,474,R474,Especificaciones,"Temperatura 0.0°C, 10.0°C, 20.0°C, 35.0°C, 40°C, 50°C Tol±1.0°C, 35.0%, 45.0%, 65.0%,75.0%, 80.0% Tol±2.0% ","Temperatura 0.0°C, 10.0°C, 20.0°C, 35.0°C, 40°C, 50°C Tol±1.0°C, 35.0%, 45.0%, 65.0%,75.0%, 80.0% Tol±2.0%",format,FMT003,Limpieza de espacios en blanco,1.0,low
PR_instrumentos_original_v2.csv,DAT-VA-52,475,R475,Especificaciones,"Temperatura: 0.0°C, 10.0°C, 20.0°C, 35.0°C, 40°C, 50°C ± 1.0°C
Humedad relativa:  35.0%, 45.0%, 65.0%,75.0%, 80.0% ± 2.0%","Temperatura: 0.0°C, 10.0°C, 20.0°C, 35.0°C, 40°C, 50°C ± 1.0°C Humedad relativa: 35.0%, 45.0%, 65.0%,75.0%, 80.0% ± 2.0%",format,FMT003,Limpieza de espacios en blanco,1.0,low
PR_instrumentos_original_v2.csv,DAT-VA-53,476,R476,Especificaciones,"Temperatura: 0.0°C, 10.0°C, 20.0°C, 35.0°C, 40°C, 50°C ± 1.0°C
Humedad relativa:  35.0%, 45.0%, 65.0%,75.0%, 80.0% ± 2.0%","Temperatura: 0.0°C, 10.0°C, 20.0°C, 35.0°C, 40°C, 50°C ± 1.0°C Humedad relativa: 35.0%, 45.0%, 65.0%,75.0%, 80.0% ± 2.0%",format,FMT003,Limpieza de espacios en blanco,1.0,low
PR_instrumentos_original_v2.csv,DAT-VA-55,478,R478,Especificaciones,"Humedad relativa:  35.0%, 45.0%, 65.0%,75.0%, 80.0% ± 2.0%","Humedad relativa: 35.0%, 45.0%, 65.0%,75.0%, 80.0% ± 2.0%",format,FMT003,Limpieza de espacios en blanco,1.0,low
PR_instrumentos_original_v2.csv,DAT-VA-56,479,R479,Especificaciones,"Temperatura: 0.0°C, 10.0°C, 20.0°C, 35.0°C, 40°C, 50°C ± 1.0°C
Humedad relativa:  35.0%, 45.0%, 65.0%,75.0%, 80.0% ± 2.0%","Temperatura: 0.0°C, 10.0°C, 20.0°C, 35.0°C, 40°C, 50°C ± 1.0°C Humedad relativa: 35.0%, 45.0%, 65.0%,75.0%, 80.0% ± 2.0%",format,FMT003,Limpieza de espacios en blanco,1.0,low
PR_instrumentos_original_v2.csv,DAT-VA-57,480,R480,Especificaciones,"Temperatura: 0.0°C, 10.0°C, 20.0°C, 35.0°C, 40°C, 50°C ± 1.0°C
Humedad relativa:  35.0%, 45.0%, 65.0%,75.0%, 80.0% ± 2.0%","Temperatura: 0.0°C, 10.0°C, 20.0°C, 35.0°C, 40°C, 50°C ± 1.0°C Humedad relativa: 35.0%, 45.0%, 65.0%,75.0%, 80.0% ± 2.0%",format,FMT003,Limpieza de espacios en blanco,1.0,low
PR_instrumentos_original_v2.csv,DAT-VA-58,481,R481,Especificaciones,"Temperatura: 0.0°C, 10.0°C, 20.0°C, 35.0°C, 40°C, 50°C ± 1.0°C
Humedad relativa:  35.0%, 45.0%, 65.0%,75.0%, 80.0% ± 2.0%","Temperatura: 0.0°C, 10.0°C, 20.0°C, 35.0°C, 40°C, 50°C ± 1.0°C Humedad relativa: 35.0%, 45.0%, 65.0%,75.0%, 80.0% ± 2.0%",format,FMT003,Limpieza de espacios en blanco,1.0,low
PR_instrumentos_original_v2.csv,DAT-VA-59,482,R482,Especificaciones,"Temperatura: 0.0°C, 10.0°C, 20.0°C, 35.0°C, 40°C, 50°C ± 1.0°C
Humedad relativa:  35.0%, 45.0%, 65.0%,75.0%, 80.0% ± 2.0%","Temperatura: 0.0°C, 10.0°C, 20.0°C, 35.0°C, 40°C, 50°C ± 1.0°C Humedad relativa: 35.0%, 45.0%, 65.0%,75.0%, 80.0% ± 2.0%",format,FMT003,Limpieza de espacios en blanco,1.0,low
PR_instrumentos_original_v2.csv,DAT-VA-60,483,R483,Especificaciones,"Temperatura: 0.0°C, 10.0°C, 20.0°C, 35.0°C, 40°C, 50°C ± 1.0°C
Humedad relativa:  35.0%, 45.0%, 65.0%,75.0%, 80.0% ± 2.0%","Temperatura: 0.0°C, 10.0°C, 20.0°C, 35.0°C, 40°C, 50°C ± 1.0°C Humedad relativa: 35.0%, 45.0%, 65.0%,75.0%, 80.0% ± 2.0%",format,FMT003,Limpieza de espacios en blanco,1.0,low
PR_instrumentos_original_v2.csv,DAT-VA-61,484,R484,Especificaciones,"Temperatura: 0.0°C, 10.0°C, 20.0°C, 35.0°C, 40°C, 50°C ± 1.0°C
Humedad relativa:  35.0%, 45.0%, 65.0%,75.0%, 80.0% ± 2.0%","Temperatura: 0.0°C, 10.0°C, 20.0°C, 35.0°C, 40°C, 50°C ± 1.0°C Humedad relativa: 35.0%, 45.0%, 65.0%,75.0%, 80.0% ± 2.0%",format,FMT003,Limpieza de espacios en blanco,1.0,low
PR_instrumentos_original_v2.csv,DAT-VA-62,485,R485,Especificaciones,"Temperatura: 0.0°C, 10.0°C, 20.0°C, 35.0°C, 40°C, 50°C ± 1.0°C
Humedad relativa:  35.0%, 45.0%, 65.0%,75.0%, 80.0% ± 2.0%","Temperatura: 0.0°C, 10.0°C, 20.0°C, 35.0°C, 40°C, 50°C ± 1.0°C Humedad relativa: 35.0%, 45.0%, 65.0%,75.0%, 80.0% ± 2.0%",format,FMT003,Limpieza de espacios en blanco,1.0,low
PR_instrumentos_original_v2.csv,DAT-VA-63,486,R486,Especificaciones,"Temperatura: 0.0°C, 10.0°C, 20.0°C, 35.0°C, 40°C, 50°C ± 1.0°C
Humedad relativa:  35.0%, 45.0%, 65.0%,75.0%, 80.0% ± 2.0%","Temperatura: 0.0°C, 10.0°C, 20.0°C, 35.0°C, 40°C, 50°C ± 1.0°C Humedad relativa: 35.0%, 45.0%, 65.0%,75.0%, 80.0% ± 2.0%",format,FMT003,Limpieza de espacios en blanco,1.0,low
PR_instrumentos_original_v2.csv,DAT-VA-64,487,R487,Especificaciones,"Temperatura: 0.0°C, 10.0°C, 20.0°C, 35.0°C, 40°C, 50°C ± 1.0°C
Humedad relativa:  35.0%, 45.0%, 65.0%,75.0%, 80.0% ± 2.0%","Temperatura: 0.0°C, 10.0°C, 20.0°C, 35.0°C, 40°C, 50°C ± 1.0°C Humedad relativa: 35.0%, 45.0%, 65.0%,75.0%, 80.0% ± 2.0%",format,FMT003,Limpieza de espacios en blanco,1.0,low
PR_instrumentos_original_v2.csv,DAT-VA-65,488,R488,Especificaciones,"Temperatura: 0.0°C, 10.0°C, 20.0°C, 35.0°C, 40°C, 50°C ± 1.0°C
Humedad relativa:  35.0%, 45.0%, 65.0%,75.0%, 80.0% ± 2.0%","Temperatura: 0.0°C, 10.0°C, 20.0°C, 35.0°C, 40°C, 50°C ± 1.0°C Humedad relativa: 35.0%, 45.0%, 65.0%,75.0%, 80.0% ± 2.0%",format,FMT003,Limpieza de espacios en blanco,1.0,low
PR_instrumentos_original_v2.csv,DAT-VA-66,489,R489,Especificaciones,"Temperatura: 0.0°C, 10.0°C, 20.0°C, 35.0°C, 40°C, 50°C ± 1.0°C
Humedad relativa:  35.0%, 45.0%, 65.0%,75.0%, 80.0% ± 2.0%","Temperatura: 0.0°C, 10.0°C, 20.0°C, 35.0°C, 40°C, 50°C ± 1.0°C Humedad relativa: 35.0%, 45.0%, 65.0%,75.0%, 80.0% ± 2.0%",format,FMT003,Limpieza de espacios en blanco,1.0,low
PR_instrumentos_original_v2.csv,DAT-VA-67,490,R490,Especificaciones,"Temperatura: 0.0°C, 10.0°C, 20.0°C, 35.0°C, 40°C, 50°C ± 1.0°C
Humedad relativa:  35.0%, 45.0%, 65.0%,75.0%, 80.0% ± 2.0%","Temperatura: 0.0°C, 10.0°C, 20.0°C, 35.0°C, 40°C, 50°C ± 1.0°C Humedad relativa: 35.0%, 45.0%, 65.0%,75.0%, 80.0% ± 2.0%",format,FMT003,Limpieza de espacios en blanco,1.0,low
PR_instrumentos_original_v2.csv,DAT-VA-68,491,R491,Especificaciones,"Temperatura: 0.0°C, 10.0°C, 20.0°C, 35.0°C, 40°C, 50°C ± 1.0°C
Humedad relativa:  35.0%, 45.0%, 65.0%,75.0%, 80.0% ± 2.0%","Temperatura: 0.0°C, 10.0°C, 20.0°C, 35.0°C, 40°C, 50°C ± 1.0°C Humedad relativa: 35.0%, 45.0%, 65.0%,75.0%, 80.0% ± 2.0%",format,FMT003,Limpieza de espacios en blanco,1.0,low
PR_instrumentos_original_v2.csv,DAT-VA-69,492,R492,Especificaciones,"Temperatura: 0.0°C, 10.0°C, 20.0°C, 35.0°C, 40°C, 50°C ± 1.0°C
Humedad relativa:  35.0%, 45.0%, 65.0%,75.0%, 80.0% ± 2.0%","Temperatura: 0.0°C, 10.0°C, 20.0°C, 35.0°C, 40°C, 50°C ± 1.0°C Humedad relativa: 35.0%, 45.0%, 65.0%,75.0%, 80.0% ± 2.0%",format,FMT003,Limpieza de espacios en blanco,1.0,low
PR_instrumentos_original_v2.csv,DAT-VA-70,493,R493,Especificaciones,"Temperatura: 0.0°C, 10.0°C, 20.0°C, 35.0°C, 40°C, 50°C ± 1.0°C
Humedad relativa:  35.0%, 45.0%, 65.0%,75.0%, 80.0% ± 2.0%","Temperatura: 0.0°C, 10.0°C, 20.0°C, 35.0°C, 40°C, 50°C ± 1.0°C Humedad relativa: 35.0%, 45.0%, 65.0%,75.0%, 80.0% ± 2.0%",format,FMT003,Limpieza de espacios en blanco,1.0,low
PR_instrumentos_original_v2.csv,DAT-VA-71,494,R494,Especificaciones,"Temperatura: 0.0°C, 10.0°C, 20.0°C, 35.0°C, 40°C, 50°C ± 1.0°C
Humedad relativa:  35.0%, 45.0%, 65.0%,75.0%, 80.0% ± 2.0%","Temperatura: 0.0°C, 10.0°C, 20.0°C, 35.0°C, 40°C, 50°C ± 1.0°C Humedad relativa: 35.0%, 45.0%, 65.0%,75.0%, 80.0% ± 2.0%",format,FMT003,Limpieza de espacios en blanco,1.0,low
PR_instrumentos_original_v2.csv,DAT-VA-72,495,R495,Especificaciones,"Temperatura: 0.0°C, 10.0°C, 20.0°C, 35.0°C, 40°C, 50°C ± 1.0°C
Humedad relativa:  35.0%, 45.0%, 65.0%,75.0%, 80.0% ± 2.0%","Temperatura: 0.0°C, 10.0°C, 20.0°C, 35.0°C, 40°C, 50°C ± 1.0°C Humedad relativa: 35.0%, 45.0%, 65.0%,75.0%, 80.0% ± 2.0%",format,FMT003,Limpieza de espacios en blanco,1.0,low
PR_instrumentos_original_v2.csv,DAT-VA-73,496,R496,Especificaciones,"Temperatura: 0.0°C, 10.0°C, 20.0°C, 35.0°C, 40°C, 50°C ± 1.0°C
Humedad relativa:  35.0%, 45.0%, 65.0%,75.0%, 80.0% ± 2.0%","Temperatura: 0.0°C, 10.0°C, 20.0°C, 35.0°C, 40°C, 50°C ± 1.0°C Humedad relativa: 35.0%, 45.0%, 65.0%,75.0%, 80.0% ± 2.0%",format,FMT003,Limpieza de espacios en blanco,1.0,low
PR_instrumentos_original_v2.csv,DAT-VA-74,497,R497,Especificaciones,"Temperatura: 0.0°C, 10.0°C, 20.0°C, 35.0°C, 40°C, 50°C ± 1.0°C
Humedad relativa:  35.0%, 45.0%, 65.0%,75.0%, 80.0% ± 2.0%","Temperatura: 0.0°C, 10.0°C, 20.0°C, 35.0°C, 40°C, 50°C ± 1.0°C Humedad relativa: 35.0%, 45.0%, 65.0%,75.0%, 80.0% ± 2.0%",format,FMT003,Limpieza de espacios en blanco,1.0,low
PR_instrumentos_original_v2.csv,DAT-VA-75,498,R498,Especificaciones,"Temperatura: 0.0°C, 10.0°C, 20.0°C, 35.0°C, 40°C, 50°C ± 1.0°C
Humedad relativa:  35.0%, 45.0%, 65.0%,75.0%, 80.0% ± 2.0%","Temperatura: 0.0°C, 10.0°C, 20.0°C, 35.0°C, 40°C, 50°C ± 1.0°C Humedad relativa: 35.0%, 45.0%, 65.0%,75.0%, 80.0% ± 2.0%",format,FMT003,Limpieza de espacios en blanco,1.0,low
PR_instrumentos_original_v2.csv,DAT-VA-76,499,R499,Especificaciones,"Temperatura: 0.0°C, 10.0°C, 20.0°C, 35.0°C, 40°C, 50°C ± 1.0°C
Humedad relativa:  35.0%, 45.0%, 65.0%,75.0%, 80.0% ± 2.0%","Temperatura: 0.0°C, 10.0°C, 20.0°C, 35.0°C, 40°C, 50°C ± 1.0°C Humedad relativa: 35.0%, 45.0%, 65.0%,75.0%, 80.0% ± 2.0%",format,FMT003,Limpieza de espacios en blanco,1.0,low
PR_instrumentos_original_v2.csv,DAT-VA-77,500,R500,Especificaciones,"Temperatura: 0.0°C, 10.0°C, 20.0°C, 35.0°C, 40°C, 50°C ± 1.0°C
Humedad relativa:  35.0%, 45.0%, 65.0%,75.0%, 80.0% ± 2.0%","Temperatura: 0.0°C, 10.0°C, 20.0°C, 35.0°C, 40°C, 50°C ± 1.0°C Humedad relativa: 35.0%, 45.0%, 65.0%,75.0%, 80.0% ± 2.0%",format,FMT003,Limpieza de espacios en blanco,1.0,low
PR_instrumentos_original_v2.csv,DAT-VA-78,501,R501,Especificaciones,"Temperatura: 0.0°C, 10.0°C, 20.0°C, 35.0°C, 40°C, 50°C ± 1.0°C
Humedad relativa:  35.0%, 45.0%, 65.0%,75.0%, 80.0% ± 2.0%","Temperatura: 0.0°C, 10.0°C, 20.0°C, 35.0°C, 40°C, 50°C ± 1.0°C Humedad relativa: 35.0%, 45.0%, 65.0%,75.0%, 80.0% ± 2.0%",format,FMT003,Limpieza de espacios en blanco,1.0,low
PR_instrumentos_original_v2.csv,DAT-VA-79,502,R502,Especificaciones,"Temperatura: 0.0°C, 10.0°C, 20.0°C, 35.0°C, 40°C, 50°C ± 1.0°C
Humedad relativa:  35.0%, 45.0%, 65.0%,75.0%, 80.0% ± 2.0%","Temperatura: 0.0°C, 10.0°C, 20.0°C, 35.0°C, 40°C, 50°C ± 1.0°C Humedad relativa: 35.0%, 45.0%, 65.0%,75.0%, 80.0% ± 2.0%",format,FMT003,Limpieza de espacios en blanco,1.0,low
PR_instrumentos_original_v2.csv,DAT-VA-80,503,R503,Especificaciones,"Temperatura: 0.0°C, 10.0°C, 20.0°C, 35.0°C, 40°C, 50°C ± 1.0°C
Humedad relativa:  35.0%, 45.0%, 65.0%,75.0%, 80.0% ± 2.0%","Temperatura: 0.0°C, 10.0°C, 20.0°C, 35.0°C, 40°C, 50°C ± 1.0°C Humedad relativa: 35.0%, 45.0%, 65.0%,75.0%, 80.0% ± 2.0%",format,FMT003,Limpieza de espacios en blanco,1.0,low
PR_instrumentos_original_v2.csv,DAT-VA-81,504,R504,Especificaciones,"Temperatura: 0.0°C, 10.0°C, 20.0°C, 35.0°C, 40°C, 50°C ± 1.0°C
Humedad relativa:  35.0%, 45.0%, 65.0%,75.0%, 80.0% ± 2.0%","Temperatura: 0.0°C, 10.0°C, 20.0°C, 35.0°C, 40°C, 50°C ± 1.0°C Humedad relativa: 35.0%, 45.0%, 65.0%,75.0%, 80.0% ± 2.0%",format,FMT003,Limpieza de espacios en blanco,1.0,low
PR_instrumentos_original_v2.csv,SEN-VA-01,507,F507,Departamento responsable,Validación ,Validación,format,FMT003,Limpieza de espacios en blanco,1.0,low
PR_instrumentos_original_v2.csv,FIL-MA-02,513,C513,Modelo,"HET5SAML1C
HET9SAML1C",HET5SAML1C HET9SAML1C,format,FMT003,Limpieza de espacios en blanco,1.0,low
PR_instrumentos_original_v2.csv,FIL-MA-05,515,C515,Modelo,"MS9-LWS-G-U-V
MS6-LF-1/2-CRM
MS6-LFM-1/2-BUV-HF-DA
MS6-LFM-1/2-AUV-HF-DA
MS6-LFM-1/2-AR-HF-DA:*W",MS9-LWS-G-U-V MS6-LF-1/2-CRM MS6-LFM-1/2-BUV-HF-DA MS6-LFM-1/2-AUV-HF-DA MS6-LFM-1/2-AR-HF-DA:*W,format,FMT003,Limpieza de espacios en blanco,1.0,low
PR_instrumentos_original_v2.csv,FIL-MA-05,515,P515,Observaciones,Baja: 27-Jun-22    ,Baja: 27-Jun-22,format,FMT003,Limpieza de espacios en blanco,1.0,low
PR_instrumentos_original_v2.csv,FIL-MA-06,516,C516,Modelo,"AW-20
AM250C
AMD250C",AW-20 AM250C AMD250C,format,FMT003,Limpieza de espacios en blanco,1.0,low
PR_instrumentos_original_v2.csv,FIL-MA-07,517,C517,Modelo,"AW-20
AM250C
AMD250C",AW-20 AM250C AMD250C,format,FMT003,Limpieza de espacios en blanco,1.0,low
PR_instrumentos_original_v2.csv,FIL-MA-08,518,C518,Modelo,"AFR 2000
AL 2000",AFR 2000 AL 2000,format,FMT003,Limpieza de espacios en blanco,1.0,low
PR_instrumentos_original_v2.csv,FIL-MA-08,518,P518,Observaciones,Baja: 27-Jun-22  ,Baja: 27-Jun-22,format,FMT003,Limpieza de espacios en blanco,1.0,low
PR_instrumentos_original_v2.csv,FIL-MA-09,519,C519,Modelo,"MS6-LF-1/2-CRV
MS6-LFM-1/2-BRM-DA
MS6-LFM-1/2-ARV-DA",MS6-LF-1/2-CRV MS6-LFM-1/2-BRM-DA MS6-LFM-1/2-ARV-DA,format,FMT003,Limpieza de espacios en blanco,1.0,low
PR_instrumentos_original_v2.csv,FIL-MA-09,519,P519,Observaciones,Baja: 27-Jun-22 ,Baja: 27-Jun-22,format,FMT003,Limpieza de espacios en blanco,1.0,low
PR_instrumentos_original_v2.csv,TAC-CP-01,524,G524,Ubicación,Control en Proceso ,Control en Proceso,format,FMT003,Limpieza de espacios en blanco,1.0,low
PR_instrumentos_original_v2.csv,TAC-CP-01,524,R524,Especificaciones,"10.000 rpm (Tol±0.102 rpm), 100.00 rpm (Tol±1.02 rpm), 1000.0 rpm (Tol±10.2 rpm), 5000.0 rpm (Tol±50.2 rpm), 10000 rpm (Tol±102 rpm), 15000 rpm (Tol±152 rpm), 20000 rpm (Tol±202 rpm) ","10.000 rpm (Tol±0.102 rpm), 100.00 rpm (Tol±1.02 rpm), 1000.0 rpm (Tol±10.2 rpm), 5000.0 rpm (Tol±50.2 rpm), 10000 rpm (Tol±102 rpm), 15000 rpm (Tol±152 rpm), 20000 rpm (Tol±202 rpm)",format,FMT003,Limpieza de espacios en blanco,1.0,low
PR_instrumentos_original_v2.csv,TAC-VA-01,525,F525,Departamento responsable,Validación ,Validación,format,FMT003,Limpieza de espacios en blanco,1.0,low
PR_instrumentos_original_v2.csv,TEB-CP-01,529,G529,Ubicación,Control en Proceso ,Control en Proceso,format,FMT003,Limpieza de espacios en blanco,1.0,low
PR_instrumentos_original_v2.csv,TER-AL-01,530,B530,Marca,Extech Instrument,Extech Instruments,homologation,HOM002,Estandarización de nombres de marcas,0.9,medium
PR_instrumentos_original_v2.csv,TER-AL-02,531,B531,Marca,Extech Instrument,Extech Instruments,homologation,HOM002,Estandarización de nombres de marcas,0.9,medium
PR_instrumentos_original_v2.csv,TER-AL-03,532,B532,Marca,Extech Instrument,Extech Instruments,homologation,HOM002,Estandarización de nombres de marcas,0.9,medium
PR_instrumentos_original_v2.csv,TER-AL-04,533,B533,Marca,Extech Instrument,Extech Instruments,homologation,HOM002,Estandarización de nombres de marcas,0.9,medium
PR_instrumentos_original_v2.csv,TER-AL-05,534,B534,Marca,Extech Instrument,Extech Instruments,homologation,HOM002,Estandarización de nombres de marcas,0.9,medium
PR_instrumentos_original_v2.csv,TER-AL-06,535,B535,Marca,Extech Instrument,Extech Instruments,homologation,HOM002,Estandarización de nombres de marcas,0.9,medium
PR_instrumentos_original_v2.csv,TER-CP-01,536,B536,Marca,Extech Instrument,Extech Instruments,homologation,HOM002,Estandarización de nombres de marcas,0.9,medium
PR_instrumentos_original_v2.csv,TER-CP-02,537,B537,Marca,Extech Instrument,Extech Instruments,homologation,HOM002,Estandarización de nombres de marcas,0.9,medium
PR_instrumentos_original_v2.csv,TER-CP-03,538,B538,Marca,Extech Instrument,Extech Instruments,homologation,HOM002,Estandarización de nombres de marcas,0.9,medium
PR_instrumentos_original_v2.csv,TER-CP-04,539,B539,Marca,Extech Instrument,Extech Instruments,homologation,HOM002,Estandarización de nombres de marcas,0.9,medium
PR_instrumentos_original_v2.csv,TER-CP-05,540,B540,Marca,Extech Instrument,Extech Instruments,homologation,HOM002,Estandarización de nombres de marcas,0.9,medium
PR_instrumentos_original_v2.csv,TER-CP-06,541,B541,Marca,Extech Instrument,Extech Instruments,homologation,HOM002,Estandarización de nombres de marcas,0.9,medium
PR_instrumentos_original_v2.csv,TER-LC-01,543,B543,Marca,Extech Instrument,Extech Instruments,homologation,HOM002,Estandarización de nombres de marcas,0.9,medium
PR_instrumentos_original_v2.csv,TER-LC-02,544,B544,Marca,Extech Instrument,Extech Instruments,homologation,HOM002,Estandarización de nombres de marcas,0.9,medium
PR_instrumentos_original_v2.csv,TER-LC-03,545,B545,Marca,Extech Instrument,Extech Instruments,homologation,HOM002,Estandarización de nombres de marcas,0.9,medium
PR_instrumentos_original_v2.csv,TER-LC-04,546,B546,Marca,Extech Instrument,Extech Instruments,homologation,HOM002,Estandarización de nombres de marcas,0.9,medium
PR_instrumentos_original_v2.csv,TER-LC-05,547,B547,Marca,Extech Instrument,Extech Instruments,homologation,HOM002,Estandarización de nombres de marcas,0.9,medium
PR_instrumentos_original_v2.csv,TER-LC-06,548,B548,Marca,Extech Instrument,Extech Instruments,homologation,HOM002,Estandarización de nombres de marcas,0.9,medium
PR_instrumentos_original_v2.csv,TER-LC-07,549,B549,Marca,Extech Instrument,Extech Instruments,homologation,HOM002,Estandarización de nombres de marcas,0.9,medium
PR_instrumentos_original_v2.csv,TER-LC-08,550,B550,Marca,Extech Instrument,Extech Instruments,homologation,HOM002,Estandarización de nombres de marcas,0.9,medium
PR_instrumentos_original_v2.csv,TER-LC-10,551,B551,Marca,Extech Instrument,Extech Instruments,homologation,HOM002,Estandarización de nombres de marcas,0.9,medium
PR_instrumentos_original_v2.csv,TER-LC-11,552,B552,Marca,Extech Instrument,Extech Instruments,homologation,HOM002,Estandarización de nombres de marcas,0.9,medium
PR_instrumentos_original_v2.csv,TER-LC-12,553,B553,Marca,Extech Instrument,Extech Instruments,homologation,HOM002,Estandarización de nombres de marcas,0.9,medium
PR_instrumentos_original_v2.csv,TER-LC-14,554,B554,Marca,Extech Instrument,Extech Instruments,homologation,HOM002,Estandarización de nombres de marcas,0.9,medium
PR_instrumentos_original_v2.csv,TER-LC-15,555,B555,Marca,Extech Instrument,Extech Instruments,homologation,HOM002,Estandarización de nombres de marcas,0.9,medium
PR_instrumentos_original_v2.csv,TER-LC-16,556,B556,Marca,Extech Instrument,Extech Instruments,homologation,HOM002,Estandarización de nombres de marcas,0.9,medium
PR_instrumentos_original_v2.csv,TER-LC-17,557,B557,Marca,Extech Instrument,Extech Instruments,homologation,HOM002,Estandarización de nombres de marcas,0.9,medium
PR_instrumentos_original_v2.csv,TER-LC-18,558,A558,Instrumento,Termohigrometro,Termohigrómetro,homologation,HOM001,Corrección ortográfica de nombres de instrumentos,0.95,low
PR_instrumentos_original_v2.csv,TER-LC-18,558,B558,Marca,Extech Instrument,Extech Instruments,homologation,HOM002,Estandarización de nombres de marcas,0.9,medium
PR_instrumentos_original_v2.csv,TER-LC-19,559,A559,Instrumento,Termohigrometro,Termohigrómetro,homologation,HOM001,Corrección ortográfica de nombres de instrumentos,0.95,low
PR_instrumentos_original_v2.csv,TER-LC-19,559,R559,Especificaciones,"-40°C, -30°C, -20°C, -10°C, 0.0°C, 8°C ± 1.0°C.
10%, 20%, 30%, 40%, 50%, 60%, 70%, 80%, 99% Tol 5.0%","-40°C, -30°C, -20°C, -10°C, 0.0°C, 8°C ± 1.0°C. 10%, 20%, 30%, 40%, 50%, 60%, 70%, 80%, 99% Tol 5.0%",format,FMT003,Limpieza de espacios en blanco,1.0,low
PR_instrumentos_original_v2.csv,TER-LC-20,560,A560,Instrumento,Termohigrometro,Termohigrómetro,homologation,HOM001,Corrección ortográfica de nombres de instrumentos,0.95,low
PR_instrumentos_original_v2.csv,TER-LC-20,560,R560,Especificaciones,"-8.0°C, 0.0°C, 20.0°C, 40.0°C, 55.0°C, Tol ± 1.0°C
15%, 30%, 60%, 80% Tol 6.0%.","-8.0°C, 0.0°C, 20.0°C, 40.0°C, 55.0°C, Tol ± 1.0°C 15%, 30%, 60%, 80% Tol 6.0%.",format,FMT003,Limpieza de espacios en blanco,1.0,low
PR_instrumentos_original_v2.csv,TER-LC-21,561,A561,Instrumento,Termohigrometro,Termohigrómetro,homologation,HOM001,Corrección ortográfica de nombres de instrumentos,0.95,low
PR_instrumentos_original_v2.csv,TER-LC-21,561,R561,Especificaciones,"-8.0°C, 0.0°C, 20.0°C, 40.0°C, 55.0°C, Tol ± 1.0°C
15%, 30%, 60%, 80% Tol 6.0%.","-8.0°C, 0.0°C, 20.0°C, 40.0°C, 55.0°C, Tol ± 1.0°C 15%, 30%, 60%, 80% Tol 6.0%.",format,FMT003,Limpieza de espacios en blanco,1.0,low
PR_instrumentos_original_v2.csv,TER-LC-22,562,A562,Instrumento,Termohigrometro,Termohigrómetro,homologation,HOM001,Corrección ortográfica de nombres de instrumentos,0.95,low
PR_instrumentos_original_v2.csv,TER-LC-22,562,R562,Especificaciones,"0.0°C, 20.0°C, 40.0°C, 55°C Tol ± 1.0°C
15%, 30%, 60%, 80% HR ±Tol 6%","0.0°C, 20.0°C, 40.0°C, 55°C Tol ± 1.0°C 15%, 30%, 60%, 80% HR ±Tol 6%",format,FMT003,Limpieza de espacios en blanco,1.0,low
PR_instrumentos_original_v2.csv,TER-LC-23,563,A563,Instrumento,Termohigrometro,Termohigrómetro,homologation,HOM001,Corrección ortográfica de nombres de instrumentos,0.95,low
PR_instrumentos_original_v2.csv,TER-LC-23,563,R563,Especificaciones,"0.0°C, 20.0°C, 40.0°C, 55.0°C Tol ± 1.0°C
15%, 30%, 60%, 80% Tol ± 6%","0.0°C, 20.0°C, 40.0°C, 55.0°C Tol ± 1.0°C 15%, 30%, 60%, 80% Tol ± 6%",format,FMT003,Limpieza de espacios en blanco,1.0,low
PR_instrumentos_original_v2.csv,TER-LC-24,564,A564,Instrumento,Termohigrometro,Termohigrómetro,homologation,HOM001,Corrección ortográfica de nombres de instrumentos,0.95,low
PR_instrumentos_original_v2.csv,TER-LC-24,564,R564,Especificaciones,"Temperatura In, 0.0°C, 20.0°C, 40.0°C, 50.0°C Tol ± 1.0°C.
Temperatura Out  -25.0°C, -15.0°C, -10.0°C, -0.0°C Tol ± 1.0°C
Humedad In 15%, 30%, 60%, 80% Tol ± 6%","Temperatura In, 0.0°C, 20.0°C, 40.0°C, 50.0°C Tol ± 1.0°C. Temperatura Out -25.0°C, -15.0°C, -10.0°C, -0.0°C Tol ± 1.0°C Humedad In 15%, 30%, 60%, 80% Tol ± 6%",format,FMT003,Limpieza de espacios en blanco,1.0,low
PR_instrumentos_original_v2.csv,TER-LC-25,565,A565,Instrumento,Termohigrometro,Termohigrómetro,homologation,HOM001,Corrección ortográfica de nombres de instrumentos,0.95,low
PR_instrumentos_original_v2.csv,TER-LC-26,566,R566,Especificaciones,"Temperatura  0.0ºC, 20.0ºC, 40.0ºC, 55ºC Tol ± 1.0
Humedad 15%, 30%, 60%, 80% Tol ±6%","Temperatura 0.0ºC, 20.0ºC, 40.0ºC, 55ºC Tol ± 1.0 Humedad 15%, 30%, 60%, 80% Tol ±6%",format,FMT003,Limpieza de espacios en blanco,1.0,low
PR_instrumentos_original_v2.csv,TER-LO-01,567,B567,Marca,Extech Instrument,Extech Instruments,homologation,HOM002,Estandarización de nombres de marcas,0.9,medium
PR_instrumentos_original_v2.csv,TER-PR-01,569,B569,Marca,Extech Instrument,Extech Instruments,homologation,HOM002,Estandarización de nombres de marcas,0.9,medium
PR_instrumentos_original_v2.csv,TER-PR-03,570,B570,Marca,Extech Instrument,Extech Instruments,homologation,HOM002,Estandarización de nombres de marcas,0.9,medium
PR_instrumentos_original_v2.csv,TER-PR-04,571,B571,Marca,Extech Instrument,Extech Instruments,homologation,HOM002,Estandarización de nombres de marcas,0.9,medium
PR_instrumentos_original_v2.csv,TER-PR-04,571,G571,Ubicación,Almacén de Material de Empaque ,Almacén de Material de Empaque,format,FMT003,Limpieza de espacios en blanco,1.0,low
PR_instrumentos_original_v2.csv,TER-PR-05,572,B572,Marca,Extech Instrument,Extech Instruments,homologation,HOM002,Estandarización de nombres de marcas,0.9,medium
PR_instrumentos_original_v2.csv,TER-PR-06,573,B573,Marca,Extech Instrument,Extech Instruments,homologation,HOM002,Estandarización de nombres de marcas,0.9,medium
PR_instrumentos_original_v2.csv,TER-PR-08,574,B574,Marca,Extech Instrument,Extech Instruments,homologation,HOM002,Estandarización de nombres de marcas,0.9,medium
PR_instrumentos_original_v2.csv,TER-PR-10,575,B575,Marca,Extech Instrument,Extech Instruments,homologation,HOM002,Estandarización de nombres de marcas,0.9,medium
PR_instrumentos_original_v2.csv,TER-PR-11,576,B576,Marca,Extech Instrument,Extech Instruments,homologation,HOM002,Estandarización de nombres de marcas,0.9,medium
PR_instrumentos_original_v2.csv,TER-PR-12,577,B577,Marca,Extech Instrument,Extech Instruments,homologation,HOM002,Estandarización de nombres de marcas,0.9,medium
PR_instrumentos_original_v2.csv,TER-PR-13,578,B578,Marca,Extech Instrument,Extech Instruments,homologation,HOM002,Estandarización de nombres de marcas,0.9,medium
PR_instrumentos_original_v2.csv,TER-PR-17,582,B582,Marca,Extech Instrument,Extech Instruments,homologation,HOM002,Estandarización de nombres de marcas,0.9,medium
PR_instrumentos_original_v2.csv,TER-PR-19,584,B584,Marca,Extech Instrument,Extech Instruments,homologation,HOM002,Estandarización de nombres de marcas,0.9,medium
PR_instrumentos_original_v2.csv,TER-PR-21,586,B586,Marca,Extech Instrument,Extech Instruments,homologation,HOM002,Estandarización de nombres de marcas,0.9,medium
PR_instrumentos_original_v2.csv,TER-PR-21,586,F586,Departamento responsable,Fabricación ,Fabricación,format,FMT003,Limpieza de espacios en blanco,1.0,low
PR_instrumentos_original_v2.csv,TER-PR-24,587,B587,Marca,Extech Instrument,Extech Instruments,homologation,HOM002,Estandarización de nombres de marcas,0.9,medium
PR_instrumentos_original_v2.csv,TER-PR-25,588,B588,Marca,Extech Instrument,Extech Instruments,homologation,HOM002,Estandarización de nombres de marcas,0.9,medium
PR_instrumentos_original_v2.csv,TER-PR-26,589,B589,Marca,Extech Instrument,Extech Instruments,homologation,HOM002,Estandarización de nombres de marcas,0.9,medium
PR_instrumentos_original_v2.csv,TER-PR-27,590,B590,Marca,Extech Instrument,Extech Instruments,homologation,HOM002,Estandarización de nombres de marcas,0.9,medium
PR_instrumentos_original_v2.csv,TER-PR-28,591,B591,Marca,Extech Instrument,Extech Instruments,homologation,HOM002,Estandarización de nombres de marcas,0.9,medium
PR_instrumentos_original_v2.csv,TER-PR-29,592,B592,Marca,Extech Instrument,Extech Instruments,homologation,HOM002,Estandarización de nombres de marcas,0.9,medium
PR_instrumentos_original_v2.csv,TER-PR-30,593,B593,Marca,Extech Instrument,Extech Instruments,homologation,HOM002,Estandarización de nombres de marcas,0.9,medium
PR_instrumentos_original_v2.csv,TER-PR-31,594,B594,Marca,Extech Instrument,Extech Instruments,homologation,HOM002,Estandarización de nombres de marcas,0.9,medium
PR_instrumentos_original_v2.csv,TER-PR-32,595,B595,Marca,Extech Instrument,Extech Instruments,homologation,HOM002,Estandarización de nombres de marcas,0.9,medium
PR_instrumentos_original_v2.csv,TER-PR-32,595,P595,Observaciones,Baja: 01-Ago-19 ,Baja: 01-Ago-19,format,FMT003,Limpieza de espacios en blanco,1.0,low
PR_instrumentos_original_v2.csv,TER-PR-33,596,B596,Marca,Extech Instrument,Extech Instruments,homologation,HOM002,Estandarización de nombres de marcas,0.9,medium
PR_instrumentos_original_v2.csv,TER-PR-34,597,B597,Marca,Extech Instrument,Extech Instruments,homologation,HOM002,Estandarización de nombres de marcas,0.9,medium
PR_instrumentos_original_v2.csv,TER-PR-35,598,B598,Marca,Extech Instrument,Extech Instruments,homologation,HOM002,Estandarización de nombres de marcas,0.9,medium
PR_instrumentos_original_v2.csv,TER-FR-36,599,A599,Instrumento,Termohigrometro,Termohigrómetro,homologation,HOM001,Corrección ortográfica de nombres de instrumentos,0.95,low
PR_instrumentos_original_v2.csv,TER-FR-36,599,B599,Marca,Extech Instrument,Extech Instruments,homologation,HOM002,Estandarización de nombres de marcas,0.9,medium
PR_instrumentos_original_v2.csv,TER-FR-36,599,F599,Departamento responsable,Fabricación ,Fabricación,format,FMT003,Limpieza de espacios en blanco,1.0,low
PR_instrumentos_original_v2.csv,TER-FR-37,600,A600,Instrumento,Termohigrometro,Termohigrómetro,homologation,HOM001,Corrección ortográfica de nombres de instrumentos,0.95,low
PR_instrumentos_original_v2.csv,TER-FR-37,600,B600,Marca,Extech Instrument,Extech Instruments,homologation,HOM002,Estandarización de nombres de marcas,0.9,medium
PR_instrumentos_original_v2.csv,TER-FR-38,601,A601,Instrumento,Termohigrometro,Termohigrómetro,homologation,HOM001,Corrección ortográfica de nombres de instrumentos,0.95,low
PR_instrumentos_original_v2.csv,TER-FR-38,601,B601,Marca,Extech Instrument,Extech Instruments,homologation,HOM002,Estandarización de nombres de marcas,0.9,medium
PR_instrumentos_original_v2.csv,TER-FR-39,602,R602,Especificaciones,"Temperatura: -8.0°C, 0.0°C, 18.0°C, 25.0°C, 40.0°C, 55.0°C Tol ±1.0°C
Humedad relativa: 15.0%, 30.0%, 65.0%, 80.0% Tol ±6.0%","Temperatura: -8.0°C, 0.0°C, 18.0°C, 25.0°C, 40.0°C, 55.0°C Tol ±1.0°C Humedad relativa: 15.0%, 30.0%, 65.0%, 80.0% Tol ±6.0%",format,FMT003,Limpieza de espacios en blanco,1.0,low
PR_instrumentos_original_v2.csv,TER-FR-40,603,R603,Especificaciones,"Temperatura: -8.0°C, 0.0°C, 18.0°C, 25.0°C, 40.0°C, 55.0°C Tol ±1.0°C
Humedad relativa: 15.0%, 30.0%, 65.0%, 80.0% Tol ±6.0%","Temperatura: -8.0°C, 0.0°C, 18.0°C, 25.0°C, 40.0°C, 55.0°C Tol ±1.0°C Humedad relativa: 15.0%, 30.0%, 65.0%, 80.0% Tol ±6.0%",format,FMT003,Limpieza de espacios en blanco,1.0,low
PR_instrumentos_original_v2.csv,TER-FR-41,604,R604,Especificaciones,"Temperatura: -8.0°C, 0.0°C, 18.0°C, 25.0°C, 40.0°C, 55.0°C Tol ±1.0°C
Humedad relativa: 15.0%, 30.0%, 65.0%, 80.0% Tol ±6.0%","Temperatura: -8.0°C, 0.0°C, 18.0°C, 25.0°C, 40.0°C, 55.0°C Tol ±1.0°C Humedad relativa: 15.0%, 30.0%, 65.0%, 80.0% Tol ±6.0%",format,FMT003,Limpieza de espacios en blanco,1.0,low
PR_instrumentos_original_v2.csv,TER-FR-42,605,R605,Especificaciones,"Temperatura: -8.0°C, 0.0°C, 18.0°C, 25.0°C, 40.0°C, 55.0°C Tol ±1.0°C
Humedad relativa: 15.0%, 30.0%, 65.0%, 80.0% Tol ±6.0%","Temperatura: -8.0°C, 0.0°C, 18.0°C, 25.0°C, 40.0°C, 55.0°C Tol ±1.0°C Humedad relativa: 15.0%, 30.0%, 65.0%, 80.0% Tol ±6.0%",format,FMT003,Limpieza de espacios en blanco,1.0,low
PR_instrumentos_original_v2.csv,TER-VA-02,606,B606,Marca,Extech Instrument,Extech Instruments,homologation,HOM002,Estandarización de nombres de marcas,0.9,medium
PR_instrumentos_original_v2.csv,TER-VA-03,607,B607,Marca,Extech Instrument,Extech Instruments,homologation,HOM002,Estandarización de nombres de marcas,0.9,medium
PR_instrumentos_original_v2.csv,TER-VA-04,608,B608,Marca,Extech Instrument,Extech Instruments,homologation,HOM002,Estandarización de nombres de marcas,0.9,medium
PR_instrumentos_original_v2.csv,TER-VA-05,609,B609,Marca,Extech Instrument,Extech Instruments,homologation,HOM002,Estandarización de nombres de marcas,0.9,medium
PR_instrumentos_original_v2.csv,TER-VA-06,610,B610,Marca,Extech Instrument,Extech Instruments,homologation,HOM002,Estandarización de nombres de marcas,0.9,medium
PR_instrumentos_original_v2.csv,TER-VA-07,611,B611,Marca,Extech Instrument,Extech Instruments,homologation,HOM002,Estandarización de nombres de marcas,0.9,medium
PR_instrumentos_original_v2.csv,TER-VA-08,612,B612,Marca,Extech Instrument,Extech Instruments,homologation,HOM002,Estandarización de nombres de marcas,0.9,medium
PR_instrumentos_original_v2.csv,TER-VA-09,613,B613,Marca,Extech Instrument,Extech Instruments,homologation,HOM002,Estandarización de nombres de marcas,0.9,medium
PR_instrumentos_original_v2.csv,TER-VA-10,614,B614,Marca,Extech Instrument,Extech Instruments,homologation,HOM002,Estandarización de nombres de marcas,0.9,medium
PR_instrumentos_original_v2.csv,TER-VA-11,615,B615,Marca,Extech Instrument,Extech Instruments,homologation,HOM002,Estandarización de nombres de marcas,0.9,medium
PR_instrumentos_original_v2.csv,TER-VA-12,616,B616,Marca,Extech Instrument,Extech Instruments,homologation,HOM002,Estandarización de nombres de marcas,0.9,medium
PR_instrumentos_original_v2.csv,TER-VA-13,617,B617,Marca,Extech Instrument,Extech Instruments,homologation,HOM002,Estandarización de nombres de marcas,0.9,medium
PR_instrumentos_original_v2.csv,TER-VA-14,618,B618,Marca,Extech Instrument,Extech Instruments,homologation,HOM002,Estandarización de nombres de marcas,0.9,medium
PR_instrumentos_original_v2.csv,TER-VA-15,619,B619,Marca,Extech Instrument,Extech Instruments,homologation,HOM002,Estandarización de nombres de marcas,0.9,medium
PR_instrumentos_original_v2.csv,TER-VA-15,619,P619,Observaciones,Fallo de bateria. ,Fallo de bateria.,format,FMT003,Limpieza de espacios en blanco,1.0,low
PR_instrumentos_original_v2.csv,TER-VA-16,620,B620,Marca,Extech Instrument,Extech Instruments,homologation,HOM002,Estandarización de nombres de marcas,0.9,medium
PR_instrumentos_original_v2.csv,TER-VA-17,621,B621,Marca,Extech Instrument,Extech Instruments,homologation,HOM002,Estandarización de nombres de marcas,0.9,medium
PR_instrumentos_original_v2.csv,TER-VA-18,622,B622,Marca,Extech Instrument,Extech Instruments,homologation,HOM002,Estandarización de nombres de marcas,0.9,medium
PR_instrumentos_original_v2.csv,TER-VA-19,623,B623,Marca,Extech Instrument,Extech Instruments,homologation,HOM002,Estandarización de nombres de marcas,0.9,medium
PR_instrumentos_original_v2.csv,TER-VA-20,624,B624,Marca,Extech Instrument,Extech Instruments,homologation,HOM002,Estandarización de nombres de marcas,0.9,medium
PR_instrumentos_original_v2.csv,TER-VA-21,625,B625,Marca,Extech Instrument,Extech Instruments,homologation,HOM002,Estandarización de nombres de marcas,0.9,medium
PR_instrumentos_original_v2.csv,TER-VA-22,626,B626,Marca,Extech Instrument,Extech Instruments,homologation,HOM002,Estandarización de nombres de marcas,0.9,medium
PR_instrumentos_original_v2.csv,TER-VA-23,627,B627,Marca,Extech Instrument,Extech Instruments,homologation,HOM002,Estandarización de nombres de marcas,0.9,medium
PR_instrumentos_original_v2.csv,TER-VA-24,628,B628,Marca,Extech Instrument,Extech Instruments,homologation,HOM002,Estandarización de nombres de marcas,0.9,medium
PR_instrumentos_original_v2.csv,TER-VA-25,629,B629,Marca,Extech Instrument,Extech Instruments,homologation,HOM002,Estandarización de nombres de marcas,0.9,medium
PR_instrumentos_original_v2.csv,TER-VA-25,629,R629,Especificaciones,"-8.0°C, 20.0°C, 40.0°C, 55.0°C Tol ±1.0°C ","-8.0°C, 20.0°C, 40.0°C, 55.0°C Tol ±1.0°C",format,FMT003,Limpieza de espacios en blanco,1.0,low
PR_instrumentos_original_v2.csv,TER-VA-26,630,B630,Marca,Extech Instrument,Extech Instruments,homologation,HOM002,Estandarización de nombres de marcas,0.9,medium
PR_instrumentos_original_v2.csv,TER-VA-27,631,B631,Marca,Extech Instrument,Extech Instruments,homologation,HOM002,Estandarización de nombres de marcas,0.9,medium
PR_instrumentos_original_v2.csv,TER-VA-28,632,B632,Marca,Extech Instrument,Extech Instruments,homologation,HOM002,Estandarización de nombres de marcas,0.9,medium
PR_instrumentos_original_v2.csv,TER-VA-29,633,R633,Especificaciones,"Temperatura In, 0.0°C, 20.0°C, 40.0°C, 50.0°C Tol ± 1.0°C.
Temperatura Out (sonda) -25.0°C, -15.0°C, -10.0°C, 0.0°C Tol ± 1.0°C.
Humedad In 15%, 30%, 60%, 80% Tol ± 6%.","Temperatura In, 0.0°C, 20.0°C, 40.0°C, 50.0°C Tol ± 1.0°C. Temperatura Out (sonda) -25.0°C, -15.0°C, -10.0°C, 0.0°C Tol ± 1.0°C. Humedad In 15%, 30%, 60%, 80% Tol ± 6%.",format,FMT003,Limpieza de espacios en blanco,1.0,low
PR_instrumentos_original_v2.csv,TER-SC-01,634,B634,Marca,Extech Instrument,Extech Instruments,homologation,HOM002,Estandarización de nombres de marcas,0.9,medium
PR_instrumentos_original_v2.csv,TEM-DA-02,636,A636,Instrumento,Termometro digital,Termómetro digital,homologation,HOM001,Corrección ortográfica de nombres de instrumentos,0.95,low
PR_instrumentos_original_v2.csv,TEM-LC-01,639,A639,Instrumento,Termómetro ,Termómetro,format,FMT003,Limpieza de espacios en blanco,1.0,low
PR_instrumentos_original_v2.csv,TEM-LC-02,640,A640,Instrumento,Termómetro ,Termómetro,format,FMT003,Limpieza de espacios en blanco,1.0,low
PR_instrumentos_original_v2.csv,TEM-LC-04,642,A642,Instrumento,Termómetro ,Termómetro,format,FMT003,Limpieza de espacios en blanco,1.0,low
PR_instrumentos_original_v2.csv,TIR-DF-01,655,A655,Instrumento,Termometro IR,Termómetro IR,homologation,HOM001,Corrección ortográfica de nombres de instrumentos,0.95,low
PR_instrumentos_original_v2.csv,TIR-DF-01,655,R655,Especificaciones,"0.00°C (Tol ±1.5°C), 25.00°C (Tol ±1.5°C), 50.00°C (Tol ±1.5°C), 75.00°C (Tol ±1.5°C), 100.00°C (Tol ±1.5°C), 250.0°C (Tol ±3.5°C), 500.00°C(Tol ±3.5°C) ","0.00°C (Tol ±1.5°C), 25.00°C (Tol ±1.5°C), 50.00°C (Tol ±1.5°C), 75.00°C (Tol ±1.5°C), 100.00°C (Tol ±1.5°C), 250.0°C (Tol ±3.5°C), 500.00°C(Tol ±3.5°C)",format,FMT003,Limpieza de espacios en blanco,1.0,low
PR_instrumentos_original_v2.csv,TIR-LC-01,656,A656,Instrumento,Termometro IR,Termómetro IR,homologation,HOM001,Corrección ortográfica de nombres de instrumentos,0.95,low
PR_instrumentos_original_v2.csv,TIR-FR-01,658,R658,Especificaciones,"0.0°C, 25.0°C, 50.0°C, 75.0°C, 100.0°C Tol ± 1.5°C
 250°C, 500°C Tol ± 3.5°C.","0.0°C, 25.0°C, 50.0°C, 75.0°C, 100.0°C Tol ± 1.5°C 250°C, 500°C Tol ± 3.5°C.",format,FMT003,Limpieza de espacios en blanco,1.0,low
PR_instrumentos_original_v2.csv,TRK-LC-03,661,B661,Marca,OAKTON,Oakton,homologation,HOM002,Estandarización de nombres de marcas,0.9,medium
PR_instrumentos_original_v2.csv,TRK-LC-04,662,B662,Marca,OAKTON,Oakton,homologation,HOM002,Estandarización de nombres de marcas,0.9,medium
PR_instrumentos_original_v2.csv,TRT-LC-01,667,B667,Marca,HANNA instruments,HANNA Instruments,homologation,HOM002,Estandarización de nombres de marcas,0.9,medium
PR_instrumentos_original_v2.csv,TEP-MA-01,672,A672,Instrumento,Termostato programable ,Termostato programable,format,FMT003,Limpieza de espacios en blanco,1.0,low
PR_instrumentos_original_v2.csv,TEP-MA-02,673,A673,Instrumento,Termostato programable ,Termostato programable,format,FMT003,Limpieza de espacios en blanco,1.0,low
PR_instrumentos_original_v2.csv,TEP-MA-03,674,A674,Instrumento,Termostato programable ,Termostato programable,format,FMT003,Limpieza de espacios en blanco,1.0,low
PR_instrumentos_original_v2.csv,TEP-MA-04,675,A675,Instrumento,Termostato programable ,Termostato programable,format,FMT003,Limpieza de espacios en blanco,1.0,low
PR_instrumentos_original_v2.csv,TEP-MA-05,676,A676,Instrumento,Termostato programable ,Termostato programable,format,FMT003,Limpieza de espacios en blanco,1.0,low
PR_instrumentos_original_v2.csv,TEP-MA-06,677,A677,Instrumento,Termostato programable ,Termostato programable,format,FMT003,Limpieza de espacios en blanco,1.0,low
PR_instrumentos_original_v2.csv,TEP-MA-07,678,A678,Instrumento,Termostato programable ,Termostato programable,format,FMT003,Limpieza de espacios en blanco,1.0,low
PR_instrumentos_original_v2.csv,TEP-MA-08,679,A679,Instrumento,Termostato programable ,Termostato programable,format,FMT003,Limpieza de espacios en blanco,1.0,low
PR_instrumentos_original_v2.csv,TTH-FR-01,681,B681,Marca,Novus,NOVUS,homologation,HOM002,Estandarización de nombres de marcas,0.9,medium
PR_instrumentos_original_v2.csv,VER-CP-01,682,G682,Ubicación,Control en Proceso ,Control en Proceso,format,FMT003,Limpieza de espacios en blanco,1.0,low
PR_instrumentos_original_v2.csv,VER-CP-01,682,R682,Especificaciones,"Longitud OD 0.000 in, 0.1000 in, 0.2000 in, 0.3000 in, 0.4000 in, 0.5000 in, 0.6000 in, 0.7000 in, 0.8000 in, 0.9000 in, 1.0000 in, 2.0000 in, 3.0000 in, 4.0000 in, 5.0000 in, 6.0000 in (Tol ±0.0010)
Longitud ID 0.0000 in, 2.0000 in (Tol±0.0010), 
Profundidad 1.0000 in (Tol±0.0010).","Longitud OD 0.000 in, 0.1000 in, 0.2000 in, 0.3000 in, 0.4000 in, 0.5000 in, 0.6000 in, 0.7000 in, 0.8000 in, 0.9000 in, 1.0000 in, 2.0000 in, 3.0000 in, 4.0000 in, 5.0000 in, 6.0000 in (Tol ±0.0010) Longitud ID 0.0000 in, 2.0000 in (Tol±0.0010), Profundidad 1.0000 in (Tol±0.0010).",format,FMT003,Limpieza de espacios en blanco,1.0,low
PR_instrumentos_original_v2.csv,VER-DF-01,683,R683,Especificaciones,"Dimensión interna 0.1000 in (Tol±0.00058), 0.20000 in (Tol±0.00058), 0.50000 in (Tol±0.00058), 1.00000 in (Tol±0.00058), 2.00000 in (Tol±0.00058), 4.00000 in (Tol±0.00058), 6.0000 in (Tol±0.00065), 8.0000 in (Tol±0.00065)
Profundidad 1.40000 Tol ± 0.00058
Dimensión externa 2.00000 Tol ± 0.00058","Dimensión interna 0.1000 in (Tol±0.00058), 0.20000 in (Tol±0.00058), 0.50000 in (Tol±0.00058), 1.00000 in (Tol±0.00058), 2.00000 in (Tol±0.00058), 4.00000 in (Tol±0.00058), 6.0000 in (Tol±0.00065), 8.0000 in (Tol±0.00065) Profundidad 1.40000 Tol ± 0.00058 Dimensión externa 2.00000 Tol ± 0.00058",format,FMT003,Limpieza de espacios en blanco,1.0,low
PR_instrumentos_original_v2.csv,VER-DF-02,684,R684,Especificaciones,"Dimensión externa: 
0.00 mm,5.00 mm,80.00 mm,150.00 mm Tol ±0.02 mm
Profundidad: 
0.00 mm,5.00 mm, 50.00,150.00 mm Tol ±0.02 mm
Dimensión interna: 
0.00 mm, 5.00 mm, 80.00 mm,150.00 mm Tol ±0.02 mm","Dimensión externa: 0.00 mm,5.00 mm,80.00 mm,150.00 mm Tol ±0.02 mm Profundidad: 0.00 mm,5.00 mm, 50.00,150.00 mm Tol ±0.02 mm Dimensión interna: 0.00 mm, 5.00 mm, 80.00 mm,150.00 mm Tol ±0.02 mm",format,FMT003,Limpieza de espacios en blanco,1.0,low
PR_instrumentos_original_v2.csv,VER-LC-01,685,R685,Especificaciones,"Longitud OD 0.000 in, 0.1000 in, 0.2000 in, 0.3000 in, 0.4000 in, 0.5000 in, 0.6000 in, 0.7000 in, 0.8000 in, 0.9000 in, 1.0000 in, 2.0000 in, 3.0000 in, 4.0000 in, 5.0000 in, 6.0000 in Tol ± 0.00110 in
Longitud ID 0.0000 in, 2.0000 in Tol ± 0.00110 in
Profundidad 1.0000 in Tol ± 0.00110 in","Longitud OD 0.000 in, 0.1000 in, 0.2000 in, 0.3000 in, 0.4000 in, 0.5000 in, 0.6000 in, 0.7000 in, 0.8000 in, 0.9000 in, 1.0000 in, 2.0000 in, 3.0000 in, 4.0000 in, 5.0000 in, 6.0000 in Tol ± 0.00110 in Longitud ID 0.0000 in, 2.0000 in Tol ± 0.00110 in Profundidad 1.0000 in Tol ± 0.00110 in",format,FMT003,Limpieza de espacios en blanco,1.0,low
PR_instrumentos_original_v2.csv,VER-VA-01,686,R686,Especificaciones,"Longitud exterior 0.10000 in, 0.20000 in, 0.30000 in, 0.40000 in, 0.50000 in, 0.60000 in, 0.70000 in, 0.80000 in, 0.90000 in, 1.00000 in, 2.00000 in, 3.00000 in, 4.00000 in, 5.00000 in, 6.00000 in Tol±0.0001 in
Longitud interna 2.0000 in Tol ± 0.0001 in
Profundidad 2.0000 Tol ± 0.0001 in","Longitud exterior 0.10000 in, 0.20000 in, 0.30000 in, 0.40000 in, 0.50000 in, 0.60000 in, 0.70000 in, 0.80000 in, 0.90000 in, 1.00000 in, 2.00000 in, 3.00000 in, 4.00000 in, 5.00000 in, 6.00000 in Tol±0.0001 in Longitud interna 2.0000 in Tol ± 0.0001 in Profundidad 2.0000 Tol ± 0.0001 in",format,FMT003,Limpieza de espacios en blanco,1.0,low
PR_instrumentos_original_v2.csv,VIS-DA-01,688,A688,Instrumento,Viscosimetro,Viscosímetro,homologation,HOM001,Corrección ortográfica de nombres de instrumentos,0.95,low
PR_instrumentos_original_v2.csv,PR_instrumentos_original_v2_ROW_690,690,A690,Instrumento,"ND=No disponible
NA=No aplica
Rechazado, Dado de baja= Rechazado en su calibración
Dado de baja=Pérdida, avería sin reparación, fuera de uso","ND=No disponible NA=No aplica Rechazado, Dado de baja= Rechazado en su calibración Dado de baja=Pérdida, avería sin reparación, fuera de uso",format,FMT003,Limpieza de espacios en blanco,1.0,low
CERT_instrumentos_original_v2.csv,Agitador magnético,13,G13,,Análisis Fisicoquímicos ,Análisis Fisicoquímicos,format,FMT003,Limpieza de espacios en blanco,1.0,low
CERT_instrumentos_original_v2.csv,Anemómetro,22,F22,,Validación ,Validación,format,FMT003,Limpieza de espacios en blanco,1.0,low
CERT_instrumentos_original_v2.csv,Anemómetro,23,B23,,Extech Instrument,Extech Instruments,homologation,HOM002,Estandarización de nombres de marcas,0.9,medium
CERT_instrumentos_original_v2.csv,Anemómetro,23,F23,,Validación ,Validación,format,FMT003,Limpieza de espacios en blanco,1.0,low
CERT_instrumentos_original_v2.csv,Balanza analítica,25,B25,,Ohaus,OHAUS,homologation,HOM002,Estandarización de nombres de marcas,0.9,medium
CERT_instrumentos_original_v2.csv,Balanza analítica,27,B27,,Ohaus,OHAUS,homologation,HOM002,Estandarización de nombres de marcas,0.9,medium
CERT_instrumentos_original_v2.csv,Balanza electrónica,34,B34,,Ohaus,OHAUS,homologation,HOM002,Estandarización de nombres de marcas,0.9,medium
CERT_instrumentos_original_v2.csv,Balanza electrónica,35,B35,,Ohaus,OHAUS,homologation,HOM002,Estandarización de nombres de marcas,0.9,medium
CERT_instrumentos_original_v2.csv,Baño de agua,42,G42,,Análisis Fisicoquímicos ,Análisis Fisicoquímicos,format,FMT003,Limpieza de espacios en blanco,1.0,low
CERT_instrumentos_original_v2.csv,Báscula digital,45,C45,,DBB Jr. ,DBB Jr.,format,FMT003,Limpieza de espacios en blanco,1.0,low
CERT_instrumentos_original_v2.csv,Báscula digital,47,C47,,DBB Jr. ,DBB Jr.,format,FMT003,Limpieza de espacios en blanco,1.0,low
CERT_instrumentos_original_v2.csv,Báscula digital,52,C52,,DBB Jr. ,DBB Jr.,format,FMT003,Limpieza de espacios en blanco,1.0,low
CERT_instrumentos_original_v2.csv,Báscula digital,55,F55,,Fabricación ,Fabricación,format,FMT003,Limpieza de espacios en blanco,1.0,low
CERT_instrumentos_original_v2.csv,Báscula digital,60,F60,,Fabricación ,Fabricación,format,FMT003,Limpieza de espacios en blanco,1.0,low
CERT_instrumentos_original_v2.csv,Báscula digital,65,F65,,Fabricación ,Fabricación,format,FMT003,Limpieza de espacios en blanco,1.0,low
CERT_instrumentos_original_v2.csv,Báscula digital,67,F67,,Fabricación ,Fabricación,format,FMT003,Limpieza de espacios en blanco,1.0,low
CERT_instrumentos_original_v2.csv,Báscula digital,68,G68,,Encapsulado y Abrillantado #5  ,Encapsulado y Abrillantado #5,format,FMT003,Limpieza de espacios en blanco,1.0,low
CERT_instrumentos_original_v2.csv,Bascula digital,69,A69,,Bascula digital,Báscula digital,homologation,HOM001,Corrección ortográfica de nombres de instrumentos,0.95,low
CERT_instrumentos_original_v2.csv,Bomba peristáltica,74,B74,,Watson marlow,Watson Marlow,homologation,HOM002,Estandarización de nombres de marcas,0.9,medium
CERT_instrumentos_original_v2.csv,Contador de partículas,93,F93,,Validación ,Validación,format,FMT003,Limpieza de espacios en blanco,1.0,low
CERT_instrumentos_original_v2.csv,Cronómetro,99,B99,,Extech,Extech Instruments,homologation,HOM002,Estandarización de nombres de marcas,0.9,medium
CERT_instrumentos_original_v2.csv,Cronómetro,100,G100,,Control en Proceso ,Control en Proceso,format,FMT003,Limpieza de espacios en blanco,1.0,low
CERT_instrumentos_original_v2.csv,Cronómetro,109,B109,,Extech Instrument,Extech Instruments,homologation,HOM002,Estandarización de nombres de marcas,0.9,medium
CERT_instrumentos_original_v2.csv,Electrodo,121,B121,,HANNA instruments,HANNA Instruments,homologation,HOM002,Estandarización de nombres de marcas,0.9,medium
CERT_instrumentos_original_v2.csv,Electrodo,124,B124,,HANNA instruments,HANNA Instruments,homologation,HOM002,Estandarización de nombres de marcas,0.9,medium
CERT_instrumentos_original_v2.csv,Electrodo,127,B127,,HANNA instruments,HANNA Instruments,homologation,HOM002,Estandarización de nombres de marcas,0.9,medium
CERT_instrumentos_original_v2.csv,Electrodo,128,B128,,HANNA instruments,HANNA Instruments,homologation,HOM002,Estandarización de nombres de marcas,0.9,medium
CERT_instrumentos_original_v2.csv,Electrodo,129,B129,,OAKTON,Oakton,homologation,HOM002,Estandarización de nombres de marcas,0.9,medium
CERT_instrumentos_original_v2.csv,Electrodo,130,B130,,OAKTON,Oakton,homologation,HOM002,Estandarización de nombres de marcas,0.9,medium
CERT_instrumentos_original_v2.csv,Electrodo,131,B131,,OAKTON,Oakton,homologation,HOM002,Estandarización de nombres de marcas,0.9,medium
CERT_instrumentos_original_v2.csv,Electrodo,132,B132,,OAKTON,Oakton,homologation,HOM002,Estandarización de nombres de marcas,0.9,medium
CERT_instrumentos_original_v2.csv,Electrodo,133,B133,,OAKTON,Oakton,homologation,HOM002,Estandarización de nombres de marcas,0.9,medium
CERT_instrumentos_original_v2.csv,Electrodo,138,B138,,Hanna Instruments,HANNA Instruments,homologation,HOM002,Estandarización de nombres de marcas,0.9,medium
CERT_instrumentos_original_v2.csv,Electrodo,138,G138,,Análisis Físicoquímicos ,Análisis Físicoquímicos,format,FMT003,Limpieza de espacios en blanco,1.0,low
CERT_instrumentos_original_v2.csv,Electrodo,139,B139,,Thermo Eutech ,Thermo Eutech,format,FMT003,Limpieza de espacios en blanco,1.0,low
CERT_instrumentos_original_v2.csv,Luxometro,151,A151,,Luxometro,Luxómetro,homologation,HOM001,Corrección ortográfica de nombres de instrumentos,0.95,low
CERT_instrumentos_original_v2.csv,Luxometro,151,B151,,Hanna Instruments,HANNA Instruments,homologation,HOM002,Estandarización de nombres de marcas,0.9,medium
CERT_instrumentos_original_v2.csv,Manómetro,153,A153,,Manómetro ,Manómetro,format,FMT003,Limpieza de espacios en blanco,1.0,low
CERT_instrumentos_original_v2.csv,Manómetro,161,A161,,Manómetro ,Manómetro,format,FMT003,Limpieza de espacios en blanco,1.0,low
CERT_instrumentos_original_v2.csv,Manómetro,162,A162,,Manómetro ,Manómetro,format,FMT003,Limpieza de espacios en blanco,1.0,low
CERT_instrumentos_original_v2.csv,Manómetro de presión,228,F228,,Fabricación ,Fabricación,format,FMT003,Limpieza de espacios en blanco,1.0,low
CERT_instrumentos_original_v2.csv,Manómetro de presión,229,F229,,Fabricación ,Fabricación,format,FMT003,Limpieza de espacios en blanco,1.0,low
CERT_instrumentos_original_v2.csv,Manómetro de presión,232,F232,,Fabricación ,Fabricación,format,FMT003,Limpieza de espacios en blanco,1.0,low
CERT_instrumentos_original_v2.csv,Manómetro de presión,233,F233,,Fabricación ,Fabricación,format,FMT003,Limpieza de espacios en blanco,1.0,low
CERT_instrumentos_original_v2.csv,Manómetro diferencial,266,G266,,Microbiología ,Microbiología,format,FMT003,Limpieza de espacios en blanco,1.0,low
CERT_instrumentos_original_v2.csv,Manómetro diferencial,314,G314,,Recubrimiento ,Recubrimiento,format,FMT003,Limpieza de espacios en blanco,1.0,low
CERT_instrumentos_original_v2.csv,Marco de masas,340,B340,,Ohaus,OHAUS,homologation,HOM002,Estandarización de nombres de marcas,0.9,medium
CERT_instrumentos_original_v2.csv,Marco de masas,340,G340,,Recepción de Material de Envase y Empaque ,Recepción de Material de Envase y Empaque,format,FMT003,Limpieza de espacios en blanco,1.0,low
CERT_instrumentos_original_v2.csv,Micrometro,351,A351,,Micrometro,Micrómetro,homologation,HOM001,Corrección ortográfica de nombres de instrumentos,0.95,low
CERT_instrumentos_original_v2.csv,Micrometro,352,A352,,Micrometro,Micrómetro,homologation,HOM001,Corrección ortográfica de nombres de instrumentos,0.95,low
CERT_instrumentos_original_v2.csv,Multimetro,384,A384,,Multimetro,Multímetro,homologation,HOM001,Corrección ortográfica de nombres de instrumentos,0.95,low
CERT_instrumentos_original_v2.csv,Medidor multiparamétrico,390,A390,,Medidor multiparamétrico ,Medidor multiparamétrico,format,FMT003,Limpieza de espacios en blanco,1.0,low
CERT_instrumentos_original_v2.csv,Pesa 5Kg,402,F402,,Validación ,Validación,format,FMT003,Limpieza de espacios en blanco,1.0,low
CERT_instrumentos_original_v2.csv,Registrador de temperatura,413,A413,,Registrador de temperatura ,Registrador de temperatura,format,FMT003,Limpieza de espacios en blanco,1.0,low
CERT_instrumentos_original_v2.csv,Registrador de temperatura,413,F413,,Validación ,Validación,format,FMT003,Limpieza de espacios en blanco,1.0,low
CERT_instrumentos_original_v2.csv,Registrador de temperatura,414,A414,,Registrador de temperatura ,Registrador de temperatura,format,FMT003,Limpieza de espacios en blanco,1.0,low
CERT_instrumentos_original_v2.csv,Registrador de temperatura,414,F414,,Validación ,Validación,format,FMT003,Limpieza de espacios en blanco,1.0,low
CERT_instrumentos_original_v2.csv,Registrador de temperatura y humedad,422,F422,,Validación ,Validación,format,FMT003,Limpieza de espacios en blanco,1.0,low
CERT_instrumentos_original_v2.csv,Registrador de temperatura y humedad,424,F424,,Validación ,Validación,format,FMT003,Limpieza de espacios en blanco,1.0,low
CERT_instrumentos_original_v2.csv,Sensor de punto de rocío,508,F508,,Validación ,Validación,format,FMT003,Limpieza de espacios en blanco,1.0,low
CERT_instrumentos_original_v2.csv,Sistema de filtros de UMA´s,514,C514,,"HET5SAML1C
HET9SAML1C",HET5SAML1C HET9SAML1C,format,FMT003,Limpieza de espacios en blanco,1.0,low
CERT_instrumentos_original_v2.csv,Sistema de filtros de aire comprimido,516,C516,,"MS9-LWS-G-U-V
MS6-LF-1/2-CRM
MS6-LFM-1/2-BUV-HF-DA
MS6-LFM-1/2-AUV-HF-DA
MS6-LFM-1/2-AR-HF-DA:*W",MS9-LWS-G-U-V MS6-LF-1/2-CRM MS6-LFM-1/2-BUV-HF-DA MS6-LFM-1/2-AUV-HF-DA MS6-LFM-1/2-AR-HF-DA:*W,format,FMT003,Limpieza de espacios en blanco,1.0,low
CERT_instrumentos_original_v2.csv,Sistema de filtros de aire comprimido,517,C517,,"AW-20
AM250C
AMD250C",AW-20 AM250C AMD250C,format,FMT003,Limpieza de espacios en blanco,1.0,low
CERT_instrumentos_original_v2.csv,Sistema de filtros de aire comprimido,518,C518,,"AW-20
AM250C
AMD250C",AW-20 AM250C AMD250C,format,FMT003,Limpieza de espacios en blanco,1.0,low
CERT_instrumentos_original_v2.csv,Sistema de filtros de aire comprimido,519,C519,,"AFR 2000
AL 2000",AFR 2000 AL 2000,format,FMT003,Limpieza de espacios en blanco,1.0,low
CERT_instrumentos_original_v2.csv,Sistema de filtros de aire comprimido,520,C520,,"MS6-LF-1/2-CRV
MS6-LFM-1/2-BRM-DA
MS6-LFM-1/2-ARV-DA",MS6-LF-1/2-CRV MS6-LFM-1/2-BRM-DA MS6-LFM-1/2-ARV-DA,format,FMT003,Limpieza de espacios en blanco,1.0,low
CERT_instrumentos_original_v2.csv,Tacómetro,525,G525,,Control en Proceso ,Control en Proceso,format,FMT003,Limpieza de espacios en blanco,1.0,low
CERT_instrumentos_original_v2.csv,Tacómetro,526,F526,,Validación ,Validación,format,FMT003,Limpieza de espacios en blanco,1.0,low
CERT_instrumentos_original_v2.csv,Termobalanza,530,G530,,Control en Proceso ,Control en Proceso,format,FMT003,Limpieza de espacios en blanco,1.0,low
CERT_instrumentos_original_v2.csv,Termohigrómetro,531,B531,,Extech Instrument,Extech Instruments,homologation,HOM002,Estandarización de nombres de marcas,0.9,medium
CERT_instrumentos_original_v2.csv,Termohigrómetro,532,B532,,Extech Instrument,Extech Instruments,homologation,HOM002,Estandarización de nombres de marcas,0.9,medium
CERT_instrumentos_original_v2.csv,Termohigrómetro,533,B533,,Extech Instrument,Extech Instruments,homologation,HOM002,Estandarización de nombres de marcas,0.9,medium
CERT_instrumentos_original_v2.csv,Termohigrómetro,534,B534,,Extech Instrument,Extech Instruments,homologation,HOM002,Estandarización de nombres de marcas,0.9,medium
CERT_instrumentos_original_v2.csv,Termohigrómetro,535,B535,,Extech Instrument,Extech Instruments,homologation,HOM002,Estandarización de nombres de marcas,0.9,medium
CERT_instrumentos_original_v2.csv,Termohigrómetro,536,B536,,Extech Instrument,Extech Instruments,homologation,HOM002,Estandarización de nombres de marcas,0.9,medium
CERT_instrumentos_original_v2.csv,Termohigrómetro,537,B537,,Extech Instrument,Extech Instruments,homologation,HOM002,Estandarización de nombres de marcas,0.9,medium
CERT_instrumentos_original_v2.csv,Termohigrómetro,538,B538,,Extech Instrument,Extech Instruments,homologation,HOM002,Estandarización de nombres de marcas,0.9,medium
CERT_instrumentos_original_v2.csv,Termohigrómetro,539,B539,,Extech Instrument,Extech Instruments,homologation,HOM002,Estandarización de nombres de marcas,0.9,medium
CERT_instrumentos_original_v2.csv,Termohigrómetro,540,B540,,Extech Instrument,Extech Instruments,homologation,HOM002,Estandarización de nombres de marcas,0.9,medium
CERT_instrumentos_original_v2.csv,Termohigrómetro,541,B541,,Extech Instrument,Extech Instruments,homologation,HOM002,Estandarización de nombres de marcas,0.9,medium
CERT_instrumentos_original_v2.csv,Termohigrómetro,542,B542,,Extech Instrument,Extech Instruments,homologation,HOM002,Estandarización de nombres de marcas,0.9,medium
CERT_instrumentos_original_v2.csv,Termohigrómetro,544,B544,,Extech Instrument,Extech Instruments,homologation,HOM002,Estandarización de nombres de marcas,0.9,medium
CERT_instrumentos_original_v2.csv,Termohigrómetro,545,B545,,Extech Instrument,Extech Instruments,homologation,HOM002,Estandarización de nombres de marcas,0.9,medium
CERT_instrumentos_original_v2.csv,Termohigrómetro,546,B546,,Extech Instrument,Extech Instruments,homologation,HOM002,Estandarización de nombres de marcas,0.9,medium
CERT_instrumentos_original_v2.csv,Termohigrómetro,547,B547,,Extech Instrument,Extech Instruments,homologation,HOM002,Estandarización de nombres de marcas,0.9,medium
CERT_instrumentos_original_v2.csv,Termohigrómetro,548,B548,,Extech Instrument,Extech Instruments,homologation,HOM002,Estandarización de nombres de marcas,0.9,medium
CERT_instrumentos_original_v2.csv,Termohigrómetro,549,B549,,Extech Instrument,Extech Instruments,homologation,HOM002,Estandarización de nombres de marcas,0.9,medium
CERT_instrumentos_original_v2.csv,Termohigrómetro,550,B550,,Extech Instrument,Extech Instruments,homologation,HOM002,Estandarización de nombres de marcas,0.9,medium
CERT_instrumentos_original_v2.csv,Termohigrómetro,551,B551,,Extech Instrument,Extech Instruments,homologation,HOM002,Estandarización de nombres de marcas,0.9,medium
CERT_instrumentos_original_v2.csv,Termohigrómetro,552,B552,,Extech Instrument,Extech Instruments,homologation,HOM002,Estandarización de nombres de marcas,0.9,medium
CERT_instrumentos_original_v2.csv,Termohigrómetro,553,B553,,Extech Instrument,Extech Instruments,homologation,HOM002,Estandarización de nombres de marcas,0.9,medium
CERT_instrumentos_original_v2.csv,Termohigrómetro,554,B554,,Extech Instrument,Extech Instruments,homologation,HOM002,Estandarización de nombres de marcas,0.9,medium
CERT_instrumentos_original_v2.csv,Termohigrómetro,555,B555,,Extech Instrument,Extech Instruments,homologation,HOM002,Estandarización de nombres de marcas,0.9,medium
CERT_instrumentos_original_v2.csv,Termohigrómetro,556,B556,,Extech Instrument,Extech Instruments,homologation,HOM002,Estandarización de nombres de marcas,0.9,medium
CERT_instrumentos_original_v2.csv,Termohigrómetro,557,B557,,Extech Instrument,Extech Instruments,homologation,HOM002,Estandarización de nombres de marcas,0.9,medium
CERT_instrumentos_original_v2.csv,Termohigrómetro,558,B558,,Extech Instrument,Extech Instruments,homologation,HOM002,Estandarización de nombres de marcas,0.9,medium
CERT_instrumentos_original_v2.csv,Termohigrometro,559,A559,,Termohigrometro,Termohigrómetro,homologation,HOM001,Corrección ortográfica de nombres de instrumentos,0.95,low
CERT_instrumentos_original_v2.csv,Termohigrometro,559,B559,,Extech Instrument,Extech Instruments,homologation,HOM002,Estandarización de nombres de marcas,0.9,medium
CERT_instrumentos_original_v2.csv,Termohigrometro,560,A560,,Termohigrometro,Termohigrómetro,homologation,HOM001,Corrección ortográfica de nombres de instrumentos,0.95,low
CERT_instrumentos_original_v2.csv,Termohigrometro,561,A561,,Termohigrometro,Termohigrómetro,homologation,HOM001,Corrección ortográfica de nombres de instrumentos,0.95,low
CERT_instrumentos_original_v2.csv,Termohigrometro,562,A562,,Termohigrometro,Termohigrómetro,homologation,HOM001,Corrección ortográfica de nombres de instrumentos,0.95,low
CERT_instrumentos_original_v2.csv,Termohigrometro,563,A563,,Termohigrometro,Termohigrómetro,homologation,HOM001,Corrección ortográfica de nombres de instrumentos,0.95,low
CERT_instrumentos_original_v2.csv,Termohigrometro,564,A564,,Termohigrometro,Termohigrómetro,homologation,HOM001,Corrección ortográfica de nombres de instrumentos,0.95,low
CERT_instrumentos_original_v2.csv,Termohigrometro,565,A565,,Termohigrometro,Termohigrómetro,homologation,HOM001,Corrección ortográfica de nombres de instrumentos,0.95,low
CERT_instrumentos_original_v2.csv,Termohigrometro,566,A566,,Termohigrometro,Termohigrómetro,homologation,HOM001,Corrección ortográfica de nombres de instrumentos,0.95,low
CERT_instrumentos_original_v2.csv,Termohigrómetro,568,B568,,Extech Instrument,Extech Instruments,homologation,HOM002,Estandarización de nombres de marcas,0.9,medium
CERT_instrumentos_original_v2.csv,Termohigrómetro,570,B570,,Extech Instrument,Extech Instruments,homologation,HOM002,Estandarización de nombres de marcas,0.9,medium
CERT_instrumentos_original_v2.csv,Termohigrómetro,571,B571,,Extech Instrument,Extech Instruments,homologation,HOM002,Estandarización de nombres de marcas,0.9,medium
CERT_instrumentos_original_v2.csv,Termohigrómetro,572,B572,,Extech Instrument,Extech Instruments,homologation,HOM002,Estandarización de nombres de marcas,0.9,medium
CERT_instrumentos_original_v2.csv,Termohigrómetro,572,G572,,Almacén de Material de Empaque ,Almacén de Material de Empaque,format,FMT003,Limpieza de espacios en blanco,1.0,low
CERT_instrumentos_original_v2.csv,Termohigrómetro,573,B573,,Extech Instrument,Extech Instruments,homologation,HOM002,Estandarización de nombres de marcas,0.9,medium
CERT_instrumentos_original_v2.csv,Termohigrómetro,574,B574,,Extech Instrument,Extech Instruments,homologation,HOM002,Estandarización de nombres de marcas,0.9,medium
CERT_instrumentos_original_v2.csv,Termohigrómetro,575,B575,,Extech Instrument,Extech Instruments,homologation,HOM002,Estandarización de nombres de marcas,0.9,medium
CERT_instrumentos_original_v2.csv,Termohigrómetro,576,B576,,Extech Instrument,Extech Instruments,homologation,HOM002,Estandarización de nombres de marcas,0.9,medium
CERT_instrumentos_original_v2.csv,Termohigrómetro,577,B577,,Extech Instrument,Extech Instruments,homologation,HOM002,Estandarización de nombres de marcas,0.9,medium
CERT_instrumentos_original_v2.csv,Termohigrómetro,578,B578,,Extech Instrument,Extech Instruments,homologation,HOM002,Estandarización de nombres de marcas,0.9,medium
CERT_instrumentos_original_v2.csv,Termohigrómetro,579,B579,,Extech Instrument,Extech Instruments,homologation,HOM002,Estandarización de nombres de marcas,0.9,medium
CERT_instrumentos_original_v2.csv,Termohigrómetro,583,B583,,Extech Instrument,Extech Instruments,homologation,HOM002,Estandarización de nombres de marcas,0.9,medium
CERT_instrumentos_original_v2.csv,Termohigrómetro,585,B585,,Extech Instrument,Extech Instruments,homologation,HOM002,Estandarización de nombres de marcas,0.9,medium
CERT_instrumentos_original_v2.csv,Termohigrómetro,587,B587,,Extech Instrument,Extech Instruments,homologation,HOM002,Estandarización de nombres de marcas,0.9,medium
CERT_instrumentos_original_v2.csv,Termohigrómetro,587,F587,,Fabricación ,Fabricación,format,FMT003,Limpieza de espacios en blanco,1.0,low
CERT_instrumentos_original_v2.csv,Termohigrómetro,588,B588,,Extech Instrument,Extech Instruments,homologation,HOM002,Estandarización de nombres de marcas,0.9,medium
CERT_instrumentos_original_v2.csv,Termohigrómetro,589,B589,,Extech Instrument,Extech Instruments,homologation,HOM002,Estandarización de nombres de marcas,0.9,medium
CERT_instrumentos_original_v2.csv,Termohigrómetro,590,B590,,Extech Instrument,Extech Instruments,homologation,HOM002,Estandarización de nombres de marcas,0.9,medium
CERT_instrumentos_original_v2.csv,Termohigrómetro,591,B591,,Extech Instrument,Extech Instruments,homologation,HOM002,Estandarización de nombres de marcas,0.9,medium
CERT_instrumentos_original_v2.csv,Termohigrómetro,592,B592,,Extech Instrument,Extech Instruments,homologation,HOM002,Estandarización de nombres de marcas,0.9,medium
CERT_instrumentos_original_v2.csv,Termohigrómetro,593,B593,,Extech Instrument,Extech Instruments,homologation,HOM002,Estandarización de nombres de marcas,0.9,medium
CERT_instrumentos_original_v2.csv,Termohigrómetro,594,B594,,Extech Instrument,Extech Instruments,homologation,HOM002,Estandarización de nombres de marcas,0.9,medium
CERT_instrumentos_original_v2.csv,Termohigrómetro,595,B595,,Extech Instrument,Extech Instruments,homologation,HOM002,Estandarización de nombres de marcas,0.9,medium
CERT_instrumentos_original_v2.csv,Termohigrómetro,596,B596,,Extech Instrument,Extech Instruments,homologation,HOM002,Estandarización de nombres de marcas,0.9,medium
CERT_instrumentos_original_v2.csv,Termohigrómetro,597,B597,,Extech Instrument,Extech Instruments,homologation,HOM002,Estandarización de nombres de marcas,0.9,medium
CERT_instrumentos_original_v2.csv,Termohigrómetro,598,B598,,Extech Instrument,Extech Instruments,homologation,HOM002,Estandarización de nombres de marcas,0.9,medium
CERT_instrumentos_original_v2.csv,Termohigrómetro,599,B599,,Extech Instrument,Extech Instruments,homologation,HOM002,Estandarización de nombres de marcas,0.9,medium
CERT_instrumentos_original_v2.csv,Termohigrometro,600,A600,,Termohigrometro,Termohigrómetro,homologation,HOM001,Corrección ortográfica de nombres de instrumentos,0.95,low
CERT_instrumentos_original_v2.csv,Termohigrometro,600,B600,,Extech Instrument,Extech Instruments,homologation,HOM002,Estandarización de nombres de marcas,0.9,medium
CERT_instrumentos_original_v2.csv,Termohigrometro,600,F600,,Fabricación ,Fabricación,format,FMT003,Limpieza de espacios en blanco,1.0,low
CERT_instrumentos_original_v2.csv,Termohigrometro,601,A601,,Termohigrometro,Termohigrómetro,homologation,HOM001,Corrección ortográfica de nombres de instrumentos,0.95,low
CERT_instrumentos_original_v2.csv,Termohigrometro,601,B601,,Extech Instrument,Extech Instruments,homologation,HOM002,Estandarización de nombres de marcas,0.9,medium
CERT_instrumentos_original_v2.csv,Termohigrometro,602,A602,,Termohigrometro,Termohigrómetro,homologation,HOM001,Corrección ortográfica de nombres de instrumentos,0.95,low
CERT_instrumentos_original_v2.csv,Termohigrometro,602,B602,,Extech Instrument,Extech Instruments,homologation,HOM002,Estandarización de nombres de marcas,0.9,medium
CERT_instrumentos_original_v2.csv,Termohigrómetro,607,B607,,Extech Instrument,Extech Instruments,homologation,HOM002,Estandarización de nombres de marcas,0.9,medium
CERT_instrumentos_original_v2.csv,Termohigrómetro,608,B608,,Extech Instrument,Extech Instruments,homologation,HOM002,Estandarización de nombres de marcas,0.9,medium
CERT_instrumentos_original_v2.csv,Termohigrómetro,609,B609,,Extech Instrument,Extech Instruments,homologation,HOM002,Estandarización de nombres de marcas,0.9,medium
CERT_instrumentos_original_v2.csv,Termohigrómetro,610,B610,,Extech Instrument,Extech Instruments,homologation,HOM002,Estandarización de nombres de marcas,0.9,medium
CERT_instrumentos_original_v2.csv,Termohigrómetro,611,B611,,Extech Instrument,Extech Instruments,homologation,HOM002,Estandarización de nombres de marcas,0.9,medium
CERT_instrumentos_original_v2.csv,Termohigrómetro,612,B612,,Extech Instrument,Extech Instruments,homologation,HOM002,Estandarización de nombres de marcas,0.9,medium
CERT_instrumentos_original_v2.csv,Termohigrómetro,613,B613,,Extech Instrument,Extech Instruments,homologation,HOM002,Estandarización de nombres de marcas,0.9,medium
CERT_instrumentos_original_v2.csv,Termohigrómetro,614,B614,,Extech Instrument,Extech Instruments,homologation,HOM002,Estandarización de nombres de marcas,0.9,medium
CERT_instrumentos_original_v2.csv,Termohigrómetro,615,B615,,Extech Instrument,Extech Instruments,homologation,HOM002,Estandarización de nombres de marcas,0.9,medium
CERT_instrumentos_original_v2.csv,Termohigrómetro,616,B616,,Extech Instrument,Extech Instruments,homologation,HOM002,Estandarización de nombres de marcas,0.9,medium
CERT_instrumentos_original_v2.csv,Termohigrómetro,617,B617,,Extech Instrument,Extech Instruments,homologation,HOM002,Estandarización de nombres de marcas,0.9,medium
CERT_instrumentos_original_v2.csv,Termohigrómetro,618,B618,,Extech Instrument,Extech Instruments,homologation,HOM002,Estandarización de nombres de marcas,0.9,medium
CERT_instrumentos_original_v2.csv,Termohigrómetro,619,B619,,Extech Instrument,Extech Instruments,homologation,HOM002,Estandarización de nombres de marcas,0.9,medium
CERT_instrumentos_original_v2.csv,Termohigrómetro,620,B620,,Extech Instrument,Extech Instruments,homologation,HOM002,Estandarización de nombres de marcas,0.9,medium
CERT_instrumentos_original_v2.csv,Termohigrómetro,621,B621,,Extech Instrument,Extech Instruments,homologation,HOM002,Estandarización de nombres de marcas,0.9,medium
CERT_instrumentos_original_v2.csv,Termohigrómetro,622,B622,,Extech Instrument,Extech Instruments,homologation,HOM002,Estandarización de nombres de marcas,0.9,medium
CERT_instrumentos_original_v2.csv,Termohigrómetro,623,B623,,Extech Instrument,Extech Instruments,homologation,HOM002,Estandarización de nombres de marcas,0.9,medium
CERT_instrumentos_original_v2.csv,Termohigrómetro,624,B624,,Extech Instrument,Extech Instruments,homologation,HOM002,Estandarización de nombres de marcas,0.9,medium
CERT_instrumentos_original_v2.csv,Termohigrómetro,625,B625,,Extech Instrument,Extech Instruments,homologation,HOM002,Estandarización de nombres de marcas,0.9,medium
CERT_instrumentos_original_v2.csv,Termohigrómetro,626,B626,,Extech Instrument,Extech Instruments,homologation,HOM002,Estandarización de nombres de marcas,0.9,medium
CERT_instrumentos_original_v2.csv,Termohigrómetro,627,B627,,Extech Instrument,Extech Instruments,homologation,HOM002,Estandarización de nombres de marcas,0.9,medium
CERT_instrumentos_original_v2.csv,Termohigrómetro,628,B628,,Extech Instrument,Extech Instruments,homologation,HOM002,Estandarización de nombres de marcas,0.9,medium
CERT_instrumentos_original_v2.csv,Termohigrómetro,629,B629,,Extech Instrument,Extech Instruments,homologation,HOM002,Estandarización de nombres de marcas,0.9,medium
CERT_instrumentos_original_v2.csv,Termohigrómetro,630,B630,,Extech Instrument,Extech Instruments,homologation,HOM002,Estandarización de nombres de marcas,0.9,medium
CERT_instrumentos_original_v2.csv,Termohigrómetro,631,B631,,Extech Instrument,Extech Instruments,homologation,HOM002,Estandarización de nombres de marcas,0.9,medium
CERT_instrumentos_original_v2.csv,Termohigrómetro,632,B632,,Extech Instrument,Extech Instruments,homologation,HOM002,Estandarización de nombres de marcas,0.9,medium
CERT_instrumentos_original_v2.csv,Termohigrómetro,633,B633,,Extech Instrument,Extech Instruments,homologation,HOM002,Estandarización de nombres de marcas,0.9,medium
CERT_instrumentos_original_v2.csv,Termohigrómetro,635,B635,,Extech Instrument,Extech Instruments,homologation,HOM002,Estandarización de nombres de marcas,0.9,medium
CERT_instrumentos_original_v2.csv,Termometro digital,637,A637,,Termometro digital,Termómetro digital,homologation,HOM001,Corrección ortográfica de nombres de instrumentos,0.95,low
CERT_instrumentos_original_v2.csv,Termómetro,640,A640,,Termómetro ,Termómetro,format,FMT003,Limpieza de espacios en blanco,1.0,low
CERT_instrumentos_original_v2.csv,Termómetro,641,A641,,Termómetro ,Termómetro,format,FMT003,Limpieza de espacios en blanco,1.0,low
CERT_instrumentos_original_v2.csv,Termómetro,643,A643,,Termómetro ,Termómetro,format,FMT003,Limpieza de espacios en blanco,1.0,low
CERT_instrumentos_original_v2.csv,Termometro IR,656,A656,,Termometro IR,Termómetro IR,homologation,HOM001,Corrección ortográfica de nombres de instrumentos,0.95,low
CERT_instrumentos_original_v2.csv,Termometro IR,657,A657,,Termometro IR,Termómetro IR,homologation,HOM001,Corrección ortográfica de nombres de instrumentos,0.95,low
CERT_instrumentos_original_v2.csv,Termopar,662,B662,,OAKTON,Oakton,homologation,HOM002,Estandarización de nombres de marcas,0.9,medium
CERT_instrumentos_original_v2.csv,Termopar,663,B663,,OAKTON,Oakton,homologation,HOM002,Estandarización de nombres de marcas,0.9,medium
CERT_instrumentos_original_v2.csv,Termopar,668,B668,,HANNA instruments,HANNA Instruments,homologation,HOM002,Estandarización de nombres de marcas,0.9,medium
CERT_instrumentos_original_v2.csv,Termostato programable,673,A673,,Termostato programable ,Termostato programable,format,FMT003,Limpieza de espacios en blanco,1.0,low
CERT_instrumentos_original_v2.csv,Termostato programable,674,A674,,Termostato programable ,Termostato programable,format,FMT003,Limpieza de espacios en blanco,1.0,low
CERT_instrumentos_original_v2.csv,Termostato programable,675,A675,,Termostato programable ,Termostato programable,format,FMT003,Limpieza de espacios en blanco,1.0,low
CERT_instrumentos_original_v2.csv,Termostato programable,676,A676,,Termostato programable ,Termostato programable,format,FMT003,Limpieza de espacios en blanco,1.0,low
CERT_instrumentos_original_v2.csv,Termostato programable,677,A677,,Termostato programable ,Termostato programable,format,FMT003,Limpieza de espacios en blanco,1.0,low
CERT_instrumentos_original_v2.csv,Termostato programable,678,A678,,Termostato programable ,Termostato programable,format,FMT003,Limpieza de espacios en blanco,1.0,low
CERT_instrumentos_original_v2.csv,Termostato programable,679,A679,,Termostato programable ,Termostato programable,format,FMT003,Limpieza de espacios en blanco,1.0,low
CERT_instrumentos_original_v2.csv,Termostato programable,680,A680,,Termostato programable ,Termostato programable,format,FMT003,Limpieza de espacios en blanco,1.0,low
CERT_instrumentos_original_v2.csv,Transmisor de temperatura y humedad,682,B682,,Novus,NOVUS,homologation,HOM002,Estandarización de nombres de marcas,0.9,medium
CERT_instrumentos_original_v2.csv,Vernier,683,G683,,Control en Proceso ,Control en Proceso,format,FMT003,Limpieza de espacios en blanco,1.0,low
CERT_instrumentos_original_v2.csv,Viscosimetro,689,A689,,Viscosimetro,Viscosímetro,homologation,HOM001,Corrección ortográfica de nombres de instrumentos,0.95,low
CERT_instrumentos_original_v2.csv,"ND=No disponible
NA=No aplica
Rechazado, Dado de baja= Rechazado en su calibración
Dado de baja=Pérdida, avería sin reparación, fuera de uso",691,A691,,"ND=No disponible
NA=No aplica
Rechazado, Dado de baja= Rechazado en su calibración
Dado de baja=Pérdida, avería sin reparación, fuera de uso","ND=No disponible NA=No aplica Rechazado, Dado de baja= Rechazado en su calibración Dado de baja=Pérdida, avería sin reparación, fuera de uso",format,FMT003,Limpieza de espacios en blanco,1.0,low
